2147483648
2718327350
3304782498
3356574872
979829116
2016968578
2612160448
3916784592
3289672754
2970306319
2262433846
418161517
3224998588
225397392
4200565955
3644687344
3993516354
3479009767
2740887944
2197508097
3735963958
1702433487
2320751706
2742709326
2662742880
1882948988
2671000137
1437675643
4247351614
4166799558
2749061508
3456724520
4156489356
1435671659
1628216319
2588008131
1529908909
2733385843
3770960461
3772823922
3168576362
901476482
1976669546
3178799086
3010049105
3246615291
1961583019
862304246
2209992269
1849431453
3457241140
3740738464
2847371220
2143441303
1099060347
1658725467
2099237809
52603909
3798388426
3229316501
2415956786
1748354512
54844712
461891569
1554906632
1876867013
2558546244
3876277162
1573190315
1013008470
1377249170
408671566
1886912402
1106845071
1297630949
2454837325
3252207604
280742312
1326268169
496990742
3681129120
1095446509
1816219952
143257760
3130236890
3674774347
3097046582
3717805187
4064501391
1716812021
2389330459
496198336
1089532606
2476663645
2321614609
2491823014
2071450659
381877817
2094552966
2633752858
1541443024
2406627079
1166810070
3393082503
167235736
3251791565
4108686749
1722452254
594680254
185575056
1616672327
2651721846
2988272609
2158494858
401803341
895829615
1259753954
2267888767
1007587823
2810302353
4127064656
991994729
3440649898
1286461591
2964214585
132233267
2168050482
2258673238
293172109
2782682750
1291978762
1897602371
4007760303
3854972874
2912017993
1504811841
1047713521
2749545838
2249032244
739209700
3934360496
330991051
932935519
4238967254
4058558166
4227211257
1271711343
4198416895
1633981729
3111863085
824669738
25789810
3439105866
1901015748
4193427166
1845713471
2109431445
512539481
258651235
675856790
1298284217
4081522730
1230380885
307317867
3705790049
4078581307
2155748672
3358332915
3748382669
1167910063
1936431005
4286611527
2244827581
3611637426
181213048
1254002104
2592879801
2523500097
946572677
418249086
1379899603
3067796821
1620045622
161334891
642912688
3854333948
3377396785
2797702665
1984879358
2986671836
3893734035
3603037361
1735871989
2477359
1689778727
2632606015
476142955
1276152668
1612353173
1487310489
225588146
121653735
828414125
1654518405
830577857
1891755604
3828104852
1875672126
1352458111
1247490462
1752768363
123825821
3856319687
26352834
3432032633
2711341656
26609921
1962429213
2415354034
2840006732
930448897
2893814351
333463715
3191833697
485459262
382914002
1088396470
4171107659
478310255
3613222659
3191036482
4246318477
1907311391
283484073
1130505119
824414471
2578389216
3410581826
2030850433
1750165793
179571275
2448900445
3478934832
3637433684
246415552
640599432
2876635381
3755748809
1409739287
1860890640
811358970
368173539
4012064592
4216562712
4151977479
3023274393
1185677379
2477783385
3101207152
1331265761
2760861721
3103648714
2983310005
1528079384
3763702946
2442194155
3171501520
258540833
1097979485
4020091328
2679460553
1248915936
1805608680
1613644436
27288514
2900677964
3569148592
2209585641
343012207
2813905767
2840790696
2014028499
4282328307
3571750073
3259870206
3465622342
2913135909
3652096441
4126500650
2750994253
237182038
3514944770
1107542689
1261152957
2413777427
806257295
676616226
319513849
1098717271
3606971430
652063403
3088925682
786465020
2755948249
2825739659
3192125288
4203242866
455116175
3865180841
2154705465
4091016971
2186955930
3085284505
4197210207
3608429265
79262923
2876179226
3861074617
446144515
3006902951
71822621
400065806
2672459111
2715747443
1593550127
677111503
3621385340
859365875
3590075742
923949881
2503917601
3461952429
775044316
757640598
3228895236
1551105603
2470486899
1653471407
2402937806
1582642531
139441733
3691317493
3999164370
3978266416
3937651533
4108854040
1412346591
553025204
1538979669
2760912798
2129845875
2722457650
2614190189
1017180949
3249098649
4179884279
2973104925
3102996150
1160182682
3038798479
4096157872
1009915108
4189071900
991288205
501172828
227659322
283595417
269842660
949163073
1834661967
682681042
3888466806
3814747786
1841017385
3974747660
4193905531
762280464
1967668131
2683004217
3420264686
2563548400
4145580799
3820390041
2231576676
1939494478
16178714
1686859144
2320515571
2298712884
2082939367
3593637787
47779059
4011941230
2912850799
3207384166
439278718
2315682574
1688594274
781734298
3817255748
1070366351
4016540251
3174715405
2022452618
1456817198
3927996679
2086463656
720831932
3451958888
1431771637
3692690537
3270846220
1179544594
4108347095
2222841418
3962135671
2731636234
1352192036
2340719297
2871874297
438842090
3222422986
608590961
1601928724
1636631795
4002033979
2830930603
1363836413
1358068883
2122809878
2339027670
783754788
395908687
707915905
2902346478
2148281426
1638680022
1773764020
1691567109
1288564064
1739921725
2699605899
1303037833
3105683991
365920695
3249861415
3089326202
2775907427
2233408309
970975961
700574101
1367038836
595415315
1436044236
3103335605
2431329814
175851566
3011831761
3990449015
2858147779
3906110841
3526872979
2557070255
2278664903
2563587656
4210687065
2860925728
2456093965
1884323954
3879242476
3167669189
407614558
977549389
3787304826
1534978611
2604133355
546243723
3915640472
2293044881
1707890642
2014342478
3470140950
2560905902
663644785
451227166
1606806262
881112320
1138505124
106278996
2670694372
3207196011
341691801
2697775426
3750447224
1777652346
627564314
167246001
3653363016
2040706132
1736977259
3238444603
721468736
3521272083
863241401
1458496788
4197621982
4136146042
3184946437
3535760659
3132289593
3857291353
1245743371
3909223085
2535750615
808906847
1030034217
2971645617
1301797805
2413550715
1460903499
3492960447
2527816550
2526623757
604049100
2311796981
2752952078
2884029603
1098514958
2228292996
84633712
3740857961
2471357940
185704815
2300993806
2278420396
4091233358
4089966688
2766199737
4028331399
1351690504
3247552686
2625793420
1243967860
31743049
2145504346
3117070597
3364251730
1827988166
405473339
3389083502
3378086671
683946766
600465642
2462489247
3996298604
866259273
2341963533
3371691351
2390646917
686106531
3007347643
590905123
3193007465
3237951138
4024382934
2778493047
3566994048
304667036
3397639405
2017371826
1064227877
3495693063
1789879968
718387598
1301378380
2381061435
1793298563
4013358112
941394462
1760353220
3591408475
3976709328
4174335668
101127107
3210847688
2524436448
1169365838
4098275598
3786286956
2207776990
2563623260
4180458287
4238838524
3675015070
295098141
2567829428
2645596707
218232055
2023559801
3656624762
3804361590
3580719747
2515272602
3325198336
2612137492
2738033149
3054277324
1198945632
2122053227
991685392
3005810769
1795078846
574297828
2301239840
2978844794
2992745371
2717326590
2965721820
1275415099
1853649249
3121317641
4030140656
1689936491
3679355069
1