9173.709961	31.97	61.41	138.68	33.51	30.11	100	16.56	939.422	14.3292	364.88	1.3803	18.370001	0.5773	1.3278	2.8861	0.11	1.63	2.64	16.1	0.0487
9317.820312	32	60.89	141.36	34.36	30.11	100	16.56	941.615	14.1618	364.88	1.384	16.82	0.5773	1.3278	2.8861	0.11	1.67	2.65	15.44	0.0479
9409.709961	32	60.89	141.36	34.36	30.11	100.87	16.56	938.855	14.164	363	1.3855	16.08	0.5773	1.3278	2.8861	0.11	1.75	2.73	15.96	0.0479
9409.709961	32	60.89	141.36	34.36	30.11	100.87	16.56	938.855	14.164	355	1.3855	16.08	0.5773	1.3278	2.8861	0.11	1.75	2.73	15.96	0.0482
9409.709961	32	60.89	141.36	34.36	30.11	100.87	16.56	938.855	14.164	366	1.3855	16.08	0.5773	1.3278	2.8861	0.11	1.75	2.73	15.96	0.0484
9409.709961	32	60.89	141.36	34.36	30.11	100.87	16.56	938.855	14.164	367.99	1.3855	16.08	0.5773	1.3278	2.8861	0.11	1.75	2.73	15.96	0.0481
9409.709961	32	60.89	141.36	34.36	30.11	100.87	16.56	938.855	14.164	361	1.3855	16.08	0.5773	1.3278	2.8861	0.11	1.74	2.73	16.22	0.0477
9600.089844	32	62.17	141.36	34.36	29.72	101.38	16.73	931.483	14.1193	356	1.3817	15.33	0.5773	1.3278	2.8861	0.11	1.76	2.73	16.19	0.0473
9544.19043	32	62.17	141.36	34.36	29.72	100.73	16.73	928.917	14.0587	356	1.3834	15.64	0.5773	1.3278	2.8861	0.11	1.73	2.7	15.61	0.0468
9548.679688	32	62.17	141.36	34.36	29.72	100.73	16.73	934.786	13.7916	356	1.382	15.68	0.5773	1.3278	2.8861	0.1	1.74	2.7	15.86	0.0465
9401.549805	32.5	62.17	141.36	34.36	29.72	100.73	16.73	939.938	14.2124	356	1.3831	17.059999	0.5773	1.3278	2.8861	0.11	1.72	2.68	16.07	0.0468
9401.549805	32.5	62.17	141.36	34.36	29.72	100.73	16.73	939.938	14.2124	334.99	1.3831	17.059999	0.5773	1.3278	2.8861	0.11	1.72	2.68	16.07	0.0473
9401.549805	32.5	62.17	141.36	34.36	29.72	100.73	16.73	939.938	14.2124	322	1.3831	17.059999	0.5773	1.3278	2.8861	0.11	1.72	2.68	16.07	0.0472
9446.360352	32.41	62.07	141.36	34.36	29.72	100.73	16.73	936.824	14.1333	327	1.3861	17.059999	0.5773	1.3278	2.8861	0.1	1.73	2.7	15.56	0.0471
9584.120117	32.74	62.07	141.36	34.36	29.72	100.34	16.73	938.902	13.9466	328	1.3826	15.62	0.5773	1.3278	2.8861	0.11	1.74	2.71	15.31	0.0474
9603.230469	32.76	62.8	141.36	34.36	29.72	100.34	16.82	929.788	13.9427	327.9	1.385	15.41	0.604	1.2446	2.6104	0.11	1.69	2.67	15.52	0.0491
9603.230469	32.76	62.8	141.36	34.36	29.72	100.34	16.82	921.774	13.7369	330	1.385	15.41	0.604	1.2446	2.6104	0.1	1.66	2.63	15.15	0.0486
9556.019531	32.76	62.82	141.36	34.36	29.72	100.34	16.82	927.098	13.8312	326.89	1.3862	16.1	0.604	1.2446	2.6104	0.1	1.67	2.6	14.85	0.0482
9556.019531	32.76	62.82	141.36	34.36	29.72	100.34	16.82	927.098	13.8312	319	1.3862	16.1	0.604	1.2446	2.6104	0.1	1.67	2.6	14.85	0.0478
9556.019531	32.76	62.82	141.36	34.36	29.72	100.34	16.82	927.098	13.8312	309.09	1.3862	16.1	0.604	1.2446	2.6104	0.1	1.67	2.6	14.85	0.0473
9529.5	32.76	62.69	142.4	34.36	29.72	100.34	16.82	927.098	13.8312	309.1	1.3874	16.450001	0.604	1.2446	2.6104	0.11	1.68	2.63	15.51	0.0472
9467.530273	32.76	62.69	142.69	34.36	29.72	100.34	16.82	937.388	14.092	306	1.3945	17.190001	0.604	1.2446	2.6104	0.1	1.68	2.61	15.02	0.0468
9521.299805	32.76	62.69	142.69	34	29.72	100.34	16.86	931.168	14.0991	319.98	1.3927	16.51	0.604	1.2446	2.6104	0.1	1.65	2.62	15.4	0.0468
9607.400391	32.76	62.69	142.69	34	29.72	100.34	16.86	928.437	13.8042	320	1.3953	15.98	0.604	1.2446	2.6104	0.1	1.63	2.61	14.87	0.0461
9581.450195	32.76	62.69	142.69	34	29.72	101.07	16.86	936.639	13.9523	320	1.3781	15.62	0.604	1.2446	2.6104	0.1	1.63	2.62	14.76	0.0458
9581.450195	32.76	62.69	142.69	34	29.72	101.07	16.86	936.639	13.9523	329	1.3781	15.62	0.604	1.2446	2.6104	0.1	1.63	2.62	14.76	0.0453
9581.450195	32.76	62.69	142.69	34	29.72	101.07	16.86	936.639	13.9523	324	1.3781	15.62	0.604	1.2446	2.6104	0.1	1.63	2.62	14.76	0.0447
9702.459961	32.91	63.05	142.69	34	29.72	101.07	16.86	943.379	14.1466	316	1.3765	14.85	0.604	1.2446	2.6104	0.09	1.67	2.66	14.04	0.0443
9754.429688	32.91	63.05	146	34	29.72	101.07	16.86	944.489	14.1825	322.1	1.3703	14.53	0.604	1.2446	2.6104	0.1	1.62	2.61	13.61	0.0442
9754.389648	32.91	63.05	145.84	35.06	29.72	102.99	16.86	951.903	14.4952	324	1.3719	14.52	0.604	1.2446	2.6104	0.1	1.57	2.54	13.76	0.044
9656.049805	32.91	63.73	145.84	35.06	29.72	102.99	16.86	949.978	14.3945	332	1.3659	15.84	0.604	1.2446	2.6104	0.09	1.55	2.5	14.57	0.0435
9629.099609	32.75	63.06	144.13	35.06	29.72	102.99	16.86	941.944	14.1146	331	1.3696	15.78	0.604	1.2446	2.6104	0.09	1.56	2.52	14.04	0.0436
9629.099609	32.75	63.06	144.13	35.06	29.72	102.99	16.86	941.944	14.1146	325	1.3696	15.78	0.604	1.2446	2.6104	0.09	1.56	2.52	14.04	0.0437
9629.099609	32.75	63.06	144.13	35.06	29.72	102.99	16.86	941.944	14.1146	325.2	1.3696	15.78	0.604	1.2446	2.6104	0.09	1.56	2.52	14.04	0.0438
9659.389648	32.83	63.06	144.13	35.06	29.72	102.99	16.86	949.256	14.2534	326.87	1.3715	15.41	0.604	1.2446	2.6104	0.09	1.56	2.54	14.23	0.0439
9639.080078	32.78	63.06	144.13	35.06	30.83	102.99	16.86	945.551	14.1408	352.55	1.3702	15.27	0.604	1.2446	2.6104	0.09	1.53	2.52	14.07	0.0438
9697.870117	32.8	63.06	144.13	35.06	30.83	102.99	16.86	942.281	14.1155	365	1.3676	14.67	0.604	1.2446	2.6104	0.09	1.55	2.54	14.36	0.0435
9720.910156	33.1	63.06	144.13	35.06	30.83	102.99	16.86	950.725	14.3014	376	1.3668	14.37	0.604	1.2446	2.6104	0.09	1.57	2.56	13.98	0.0435
9768.009766	33.1	63.06	144.13	35.06	30.83	103.5	16.86	947.403	14.2605	390	1.363	14.36	0.604	1.2446	2.6104	0.1	1.55	2.54	14.52	0.0445
9768.009766	33.1	63.06	144.13	35.06	30.83	103.5	16.86	947.403	14.2605	379.5	1.363	14.36	0.604	1.2446	2.6104	0.1	1.55	2.54	14.52	0.0443
9768.009766	33.1	63.06	144.13	35.06	30.83	103.5	16.86	947.403	14.2605	417	1.363	14.36	0.604	1.2446	2.6104	0.1	1.55	2.54	14.52	0.0441
9892.820312	33.1	64.36	144.13	35.06	30.83	103.5	17.29	947.403	14.2605	425	1.3635	13.8	0.604	1.2446	2.6104	0.1	1.55	2.54	14.52	0.0436
9940.820312	33.73	64.36	144.13	35.06	31.19	103.3	17.46	935.323	14.1077	416	1.3638	13.88	0.604	1.2446	2.6104	0.09	1.56	2.52	16.21	0.0434
9939.169922	33.73	64.36	144.13	35.06	31.19	103.61	17.52	929.044	14.0408	411	1.3608	13.86	0.604	1.2446	2.6104	0.1	1.5	2.44	15.8	0.0437
9938.900391	33.73	64.36	144.13	35.06	31.24	103.61	17.52	922.794	13.844	410.35	1.3612	14.05	0.604	1.2446	2.6104	0.1	1.52	2.45	15.01	0.0435
9943.269531	33.75	64.36	144.13	35.06	31.19	102.66	17.52	918.27	13.9593	448.9	1.3607	14.1	0.604	1.2446	2.6104	0.1	1.54	2.48	15.34	0.0434
9943.269531	33.75	64.36	144.13	35.06	31.19	102.66	17.52	918.27	13.9593	447	1.3607	14.1	0.5923	1.1345	2.5549	0.1	1.54	2.48	15.34	0.0433
9943.269531	33.75	64.36	144.13	35.06	31.19	102.66	17.52	918.27	13.9593	475	1.3607	14.1	0.5923	1.1345	2.5549	0.1	1.54	2.48	15.34	0.0441
9950.120117	33.92	64.55	144.13	35.06	31.19	102.66	17.52	916.287	13.8228	475	1.3611	14.18	0.5923	1.1345	2.5549	0.1	1.6	2.54	15.55	0.0439
9919.740234	33.92	64.55	144.13	35.06	31.19	102.63	17.54	911.508	13.8679	475	1.3645	14.55	0.5923	1.1345	2.5549	0.1	1.65	2.6	15.05	0.0437
9926.669922	33.68	64.55	144.13	35.06	31.19	102.63	17.54	914.751	13.7759	473	1.3627	14.49	0.5923	1.1345	2.5549	0.1	1.65	2.61	14.79	0.0434
9947.830078	34.18	64.55	144.13	35.06	31.19	102.5	17.54	922.312	13.8207	493.5	1.3567	13.68	0.5923	1.1345	2.5549	0.1	1.63	2.59	14.15	0.0434
9987.19043	34.3	64.55	144.13	35.06	31.19	102.5	17.54	915.529	13.9608	490	1.3642	12.84	0.5923	1.1345	2.5549	0.11	1.66	2.6	13.22	0.0434
9987.19043	34.3	64.55	144.13	35.06	31.19	102.5	17.54	915.529	13.9608	480	1.3642	12.84	0.5923	1.1345	2.5549	0.11	1.66	2.6	13.22	0.0432
9987.19043	34.3	64.55	144.13	35.06	31.19	102.5	17.54	915.529	13.9608	489	1.3642	12.84	0.5923	1.1345	2.5549	0.11	1.66	2.6	13.22	0.0429
10008.629883	34.52	65.33	144.13	35.06	31.45	102.5	17.54	922.505	14.0257	480	1.3608	12.58	0.5923	1.1345	2.5549	0.11	1.69	2.62	12.77	0.0427
10028.799805	34.46	65.33	144.13	35.06	31.45	102.5	17.74	929.658	14.0273	481.1	1.3547	12.16	0.5923	1.1345	2.5549	0.11	1.71	2.64	12.37	0.0427
9949.80957	34.46	65.33	144.13	35.06	31.45	103.77	17.74	932.122	14.1875	453.1	1.3547	12.76	0.5923	1.1345	2.5549	0.11	1.7	2.65	12.36	0.0425
9938.700195	34.25	65.33	144.13	35.06	31.45	103.77	17.74	934.823	14.2942	425	1.3528	12.48	0.5923	1.1345	2.5549	0.1	1.66	2.58	12.91	0.0423
9912.870117	34.2	65.33	144.13	35.06	31.45	103.72	17.74	940.038	14.4651	428	1.3534	12.85	0.5923	1.1345	2.5549	0.11	1.7	2.6	12.52	0.0421
9912.870117	34.2	65.33	144.13	35.06	31.45	103.72	17.74	940.038	14.4651	410.1	1.3534	12.85	0.5923	1.1345	2.5549	0.11	1.7	2.6	12.52	0.0422
9912.870117	34.2	65.33	144.13	35.06	31.45	103.72	17.74	940.038	14.4651	428	1.3534	12.85	0.5923	1.1345	2.5549	0.11	1.7	2.6	12.52	0.0385
9883.980469	34.2	65.33	144.13	35.06	31.5	103.72	17.74	941.187	14.522	439	1.3532	13.52	0.5923	1.1345	2.5549	0.11	1.71	2.61	12.41	0.0385
9920.320312	34.2	64.88	144.13	35.06	31.5	103.72	17.74	935.977	14.411	445	1.3568	13.05	0.5923	1.1345	2.5549	0.11	1.77	2.66	12.53	0.0383
9930.330078	34.28	64.88	144.13	35.06	31.49	104.99	17.74	935.29	14.5416	447	1.3563	12.98	0.5923	1.1345	2.5549	0.1	1.71	2.61	12.11	0.038
10004	34.53	64.88	144.13	35.06	31.49	104.99	17.74	948.225	14.6349	440	1.362	11.97	0.5923	1.1345	2.5549	0.09	1.71	2.64	14.48	0.0381
9987.240234	34.6	64.88	144.13	35.06	31.43	104.99	17.74	966.353	15.1729	435	1.3588	11.58	0.5923	1.1345	2.5549	0.09	1.71	2.63	12.79	0.0379
9987.240234	34.6	64.88	144.13	35.06	31.43	104.99	17.74	966.353	15.1729	439	1.3588	11.58	0.5923	1.1345	2.5549	0.09	1.71	2.63	12.79	0.0376
9987.240234	34.6	64.88	144.13	35.06	31.43	104.99	17.74	966.353	15.1729	439	1.3588	11.58	0.5923	1.1345	2.5549	0.09	1.71	2.63	12.79	0.0374
9920.919922	34.36	64.88	144.13	35.06	31.43	104.99	17.74	966.804	15.2742	436.02	1.3596	12.39	0.5923	1.1345	2.5549	0.1	1.72	2.63	12.93	0.0372
9938.080078	34.36	64.88	144.13	35.06	31.43	104.99	17.74	968.702	15.5055	433	1.3618	12	0.5923	1.1345	2.5549	0.12	1.7	2.59	12.96	0.0373
9867.75	34.36	64.12	144.13	35.06	31.43	104.9	17.68	965.501	15.2738	415	1.3615	12.73	0.5923	1.1345	2.5549	0.11	1.68	2.57	12.92	0.0369
9804.900391	34.36	64.12	144.13	35.06	31.43	105.78	17.68	965.445	15.2993	418.5	1.3606	13.12	0.5923	1.1345	2.5549	0.11	1.64	2.53	12.76	0.0369
9815.169922	33.71	64.12	144.13	35.06	31.43	105.61	17.76	966.192	15.4569	434.85	1.362	13.28	0.5923	1.1345	2.5549	0.1	1.64	2.54	12.64	0.0369
9815.169922	33.71	64.12	144.13	35.06	31.43	105.61	17.76	966.192	15.4569	430.1	1.362	13.28	0.5923	1.1345	2.5549	0.1	1.64	2.54	12.64	0.0365
9815.169922	33.71	64.12	144.13	35.06	31.43	105.61	17.76	966.192	15.4569	438.86	1.362	13.28	0.5923	1.1345	2.5549	0.1	1.64	2.54	12.64	0.0362
9833.070312	33.8	64.18	151.72	35.06	31.43	105.61	17.76	962.665	15.2883	469.5	1.3658	13.19	0.5127	0.9245	2.2769	0.11	1.62	2.53	14.01	0.036
9902.410156	33.8	64.18	151.72	37.29	31.43	105.61	17.76	969.473	15.397	470	1.3688	12.54	0.5127	0.9245	2.2769	0.11	1.66	2.58	13.74	0.0359
9911.269531	33.98	64.18	151.72	37.29	31.43	105.61	17.76	971.439	15.3993	475	1.3656	12.13	0.5127	0.9245	2.2769	0.12	1.71	2.64	13.89	0.0359
10029.429688	33.98	64.18	151.72	37.29	31.43	105.61	17.76	968.038	15.3835	470	1.3646	10.88	0.5127	0.9245	2.2769	0.11	1.74	2.65	12.99	0.0355
10009.080078	33.98	64.18	151.72	37.29	31.43	106.72	17.78	970.893	15.5431	455	1.3588	10.8	0.5127	0.9245	2.2769	0.11	1.74	2.65	12.99	0.0356
10009.080078	33.98	64.18	151.72	37.29	31.43	106.72	17.78	970.893	15.5431	462.98	1.3588	10.8	0.5127	0.9245	2.2769	0.11	1.74	2.65	12.99	0.036
10009.080078	33.98	64.18	151.72	37.29	31.43	106.72	17.78	970.893	15.5431	463	1.3588	10.8	0.5127	0.9245	2.2769	0.11	1.74	2.65	12.99	0.0356
9906.070312	33.98	64.18	153.77	37.75	31.43	106.72	17.78	965.654	15.4089	455.5	1.3592	11.8	0.5127	0.9245	2.2769	0.12	1.74	2.63	12.99	0.0355
9772.669922	33.98	63.82	153.77	37.75	31.43	106.35	17.72	972.008	15.5068	457.98	1.3589	13.11	0.5127	0.9245	2.2769	0.11	1.7	2.58	12.83	0.0352
9808.200195	33.98	63.82	153.77	37.75	31.43	106.35	17.72	971.039	15.5253	458	1.3603	12.76	0.5127	0.9245	2.2769	0.11	1.68	2.57	13.05	0.0349
9659.129883	32.96	63.08	153.77	37.75	31.43	106.35	17.84	985.695	15.7926	455.99	1.3604	13.97	0.5127	0.9245	2.2769	0.1	1.66	2.55	12.91	0.0348
9666.339844	33.11	63.08	153.77	37.75	31.43	106.35	17.84	981.113	15.744	465.2	1.3595	14.01	0.5127	0.9245	2.2769	0.11	1.65	2.53	13.27	0.0349
9666.339844	33.11	63.08	153.77	37.75	31.43	106.35	17.84	981.113	15.744	464	1.3595	14.01	0.5127	0.9245	2.2769	0.11	1.65	2.53	13.27	0.0352
9666.339844	33.11	63.08	153.77	37.75	31.43	106.35	17.84	981.113	15.744	460	1.3595	14.01	0.5127	0.9245	2.2769	0.11	1.65	2.53	13.27	0.0353
9783.009766	33.16	63.49	153.77	37.75	31.43	106.35	17.84	958.814	15.5026	459.99	1.3627	13.21	0.5127	0.9245	2.2769	0.11	1.68	2.55	14.23	0.0354
9719.410156	33.07	63.49	153.77	37.75	32.31	106.35	17.84	963.094	15.3829	455	1.3613	13.81	0.5127	0.9245	2.2769	0.11	1.7	2.56	14.73	0.035
9859.269531	33.4	63.49	153.77	37.75	32.31	106.35	18.08	961.496	15.2937	459	1.3532	12.64	0.5127	0.9245	2.2769	0.11	1.71	2.55	14.67	0.0351
9753.879883	33.4	63.85	153.77	37.75	32.31	106.35	18.18	962.96	15.3607	456	1.3525	12.64	0.5127	0.9245	2.2769	0.1	1.65	2.47	15.52	0.0351
9720.019531	33.4	63.85	153.77	37.75	32.31	105.94	18.18	967.187	15.4847	459	1.3525	14.18	0.5127	0.9245	2.2769	0.1	1.69	2.5	14.35	0.0351
9720.019531	33.4	63.85	153.77	37.75	32.31	105.94	18.18	967.187	15.4847	460.45	1.3525	14.18	0.5127	0.9245	2.2769	0.1	1.69	2.5	14.35	0.0349
9720.019531	33.4	63.85	153.77	37.75	32.31	105.94	18.18	967.187	15.4847	460.5	1.3525	14.18	0.5127	0.9245	2.2769	0.1	1.69	2.5	14.35	0.0348
9612.049805	33.4	63.85	153.77	37.75	32.31	105.94	18.23	970.188	15.4773	459.98	1.3518	15.11	0.5127	0.9245	2.2769	0.11	1.7	2.49	14.69	0.0353
9734.330078	33.02	64.13	153.77	37.75	32.31	105.94	18.23	973.078	15.4331	460	1.3481	13.8	0.5127	0.9245	2.2769	0.11	1.68	2.48	14.62	0.0367
9753.55957	33.02	64.3	153.77	37.75	32.31	105.94	18.23	970.975	15.5325	462.55	1.3465	13.5	0.5127	0.9245	2.2769	0.11	1.67	2.48	14.07	0.0373
9794.05957	33.02	64.3	153.77	37.75	32.31	105.94	18.23	959.725	15.4657	452	1.3472	13.13	0.5127	0.9245	2.2769	0.11	1.72	2.52	14.33	0.0372
9644.009766	32.53	64.3	153.77	37.75	32.31	105.94	18.23	963.499	15.2119	450	1.344	14.34	0.5127	0.9245	2.2769	0.11	1.69	2.48	14.68	0.0373
9644.009766	32.53	64.3	153.77	37.75	32.31	105.94	18.23	963.499	15.2119	444.11	1.344	14.34	0.5127	0.9245	2.2769	0.11	1.69	2.48	14.68	0.038
9644.009766	32.53	64.3	153.77	37.75	32.31	105.94	18.23	963.499	15.2119	443	1.344	14.34	0.5127	0.9245	2.2769	0.11	1.69	2.48	14.68	0.0372
9598.169922	32.53	64.45	155.67	37.75	32.31	105.94	18.23	970.827	15.3508	445	1.3433	14.72	0.5127	0.9245	2.2769	0.11	1.73	2.5	14.55	0.0372
9653.629883	32.53	64.45	155.67	37.75	32.31	105.94	18.23	968.65	15.3617	435.1	1.3429	14.17	0.5127	0.9245	2.2769	0.12	1.7	2.47	15.05	0.0376
9593.679688	32.53	64.45	155.67	37.75	32.31	106.39	18.22	967.633	15.3272	425	1.3401	14.78	0.5127	0.9245	2.2769	0.13	1.77	2.57	14.85	0.0372
9407.480469	31.6	64.45	155.67	37.75	32.31	106.39	18.22	960.145	15.4553	440	1.3379	16.549999	0.4875	0.8217	2.1607	0.12	1.76	2.58	15.46	0.0366
9210.080078	31.16	62.46	155.67	37.75	32.31	106.39	18.22	962.614	15.1836	440	1.3395	17.530001	0.4875	0.8217	2.1607	0.13	1.67	2.52	14.37	0.0363
9210.080078	31.16	62.46	155.67	37.75	32.31	106.39	18.22	962.614	15.1836	447.9	1.3395	17.530001	0.4875	0.8217	2.1607	0.13	1.67	2.52	14.37	0.0357
9154.139648	31.34	62.46	155.67	37.75	32.31	106.39	17.95	961.624	15.1639	439	1.3422	17.139999	0.4875	0.8217	2.1607	0.12	1.66	2.51	14.17	0.0353
9189.740234	31.08	62.46	155.67	37.75	32.31	106.39	17.95	960.704	15.0836	439	1.3382	16.52	0.4875	0.8217	2.1607	0.12	1.66	2.49	14.76	0.0351
9130.040039	30.9	62.46	155.67	37.75	32.31	104.94	17.73	978.359	14.8231	435.4	1.3345	17.08	0.4875	0.8217	2.1607	0.11	1.66	2.49	14.51	0.0352
9038.969727	30.9	61.69	155.67	37.75	32.31	104.94	17.73	978.228	15.0045	441	1.3368	18.110001	0.4875	0.8217	2.1607	0.11	1.6	2.43	14.82	0.0349
9009.320312	30.32	61.69	155.67	37.02	32.31	105.64	17.73	977.352	15.028	440	1.3388	18.450001	0.4875	0.8217	2.1607	0.1	1.62	2.44	14.85	0.0346
9009.320312	30.32	61.69	155.67	37.02	32.31	105.64	17.73	977.352	15.028	439	1.3388	18.450001	0.4875	0.8217	2.1607	0.1	1.62	2.44	14.85	0.0344
9009.320312	30.32	61.69	155.67	37.02	32.31	105.64	17.73	977.352	15.028	435.56	1.3388	18.450001	0.4875	0.8217	2.1607	0.1	1.62	2.44	14.85	0.0341
9180.740234	30.76	61.69	155.67	37.02	32.31	105.64	17.73	976.653	14.8223	433	1.3386	17.030001	0.4875	0.8217	2.1607	0.1	1.62	2.44	14.49	0.034
9069.469727	30.76	61.7	155.67	37.02	32.31	105.64	18.02	985.138	15.0525	426	1.3346	17.440001	0.4875	0.8217	2.1607	0.1	1.63	2.46	14.35	0.0335
9198.879883	30.9	61.7	155.67	37.02	32.31	105.64	18.06	980.055	14.8974	412	1.336	16.41	0.4875	0.8217	2.1607	0.1	1.59	2.43	13.53	0.033
9225.099609	30.9	62.23	154.66	37.02	32.31	105.05	18.06	980.078	14.8486	394	1.3373	15.82	0.4875	0.8217	2.1607	0.1	1.58	2.4	12.55	0.0327
9092.599609	30.7	62.23	154.66	37.02	32.31	104.2	18.22	967.959	14.849	388	1.3388	15.82	0.4875	0.8217	2.1607	0.09	1.55	2.34	13.33	0.0327
9092.599609	30.7	62.23	154.66	37.02	32.31	104.2	18.22	967.959	14.849	403	1.3388	15.82	0.4875	0.8217	2.1607	0.09	1.55	2.34	13.33	0.0327
9092.599609	30.7	62.23	154.66	37.02	32.31	104.2	18.22	967.959	14.849	373.2	1.3388	15.82	0.4875	0.8217	2.1607	0.09	1.55	2.34	13.33	0.0322
9245.330078	31.14	62.23	154.66	37.02	32.31	104.2	18.19	969.895	14.631	350	1.3383	15.94	0.4875	0.8217	2.1607	0.1	1.58	2.39	13.46	0.0327
9334.280273	31.27	62.84	154.66	37.02	32.31	104.2	18.19	972.983	14.729	375	1.3354	15.34	0.4875	0.8217	2.1607	0.11	1.59	2.4	13.43	0.0325
9314.570312	31.27	62.84	154.66	37.02	32.31	105.11	18.19	974.564	14.623	395	1.3284	15.46	0.4875	0.8217	2.1607	0.12	1.65	2.43	13.51	0.032
9401.530273	31.27	63.22	158.98	37.02	32.31	105.11	18.19	960.785	14.63	410	1.3262	14.75	0.4875	0.8217	2.1607	0.1	1.64	2.41	13.84	0.0314
9339.169922	31.27	63.22	158.98	37.02	32.31	105.29	18.19	964.181	14.687	410	1.3267	15.48	0.4875	0.8217	2.1607	0.1	1.68	2.4	13.46	0.0311
9510.139648	32.03	63.22	160.64	37.02	32.31	105.29	18.19	964.181	14.687	389	1.32	14.58	0.4875	0.8217	2.1607	0.11	1.69	2.39	13.55	0.0311
9588.150391	32.03	63.22	160.28	37.02	32.31	105.29	18.66	974.39	14.766	394.9	1.3192	14.04	0.4875	0.8217	2.1607	0.12	1.68	2.39	13.24	0.031
9569.709961	32.03	63.22	160.28	37.02	32.31	105.29	18.66	973.477	14.656	394.98	1.3177	14.45	0.4875	0.8217	2.1607	0.11	1.65	2.37	12.72	0.0316
9462.55957	32.03	63.22	160.28	37.02	33.99	106.3	18.66	980.943	14.989	394.98	1.3178	15.51	0.4875	0.8217	2.1607	0.11	1.63	2.34	12.9	0.032
9470.169922	32.03	63.22	160.28	37.02	33.99	106.3	18.66	975.531	14.767	392	1.3188	15.79	0.4875	0.8217	2.1607	0.09	1.63	2.35	12.85	0.0325
9470.169922	32.03	63.22	160.28	37.02	33.99	106.3	18.66	975.531	14.767	389.89	1.3188	15.79	0.4875	0.8217	2.1607	0.09	1.63	2.35	12.85	0.0321
9470.169922	32.03	63.22	160.28	37.02	33.99	106.3	18.66	975.531	14.767	372	1.3188	15.79	0.4691	0.7256	1.9907	0.09	1.63	2.35	12.85	0.0318
9479.030273	32.03	64.29	161.55	38.56	33.99	106.3	18.66	979.444	14.835	370	1.3133	15.96	0.4691	0.7256	1.9907	0.09	1.63	2.35	12.85	0.0312
9507.019531	32.03	64.29	161.55	38.56	34.18	106.3	18.68	965.701	14.639	365	1.3115	15.8	0.4691	0.7256	1.9907	0.1	1.69	2.42	14.05	0.0309
9626.490234	32.59	64.29	161.55	38.56	34.63	105.83	18.68	962.723	14.528	368.97	1.3151	15.02	0.4691	0.7256	1.9907	0.11	1.69	2.41	13.44	0.0309
9724.259766	32.59	64.29	161.55	38.56	34.63	105.83	18.68	977.475	14.637	383.99	1.3015	14.43	0.4691	0.7256	1.9907	0.1	1.71	2.45	14.01	0.031
9747.019531	32.59	65.21	161.55	38.56	34.63	105.83	18.68	975.873	14.77	375	1.2948	14.29	0.4691	0.7256	1.9907	0.1	1.69	2.46	13.27	0.0313
9747.019531	32.59	65.21	161.55	38.56	34.63	105.83	18.68	975.873	14.77	378.98	1.2948	14.29	0.4691	0.7256	1.9907	0.1	1.69	2.46	13.27	0.0314
9747.019531	32.59	65.21	161.55	38.56	34.63	105.83	18.68	975.873	14.77	374	1.2948	14.29	0.4691	0.7256	1.9907	0.1	1.69	2.46	13.27	0.0315
9758.030273	33.21	65.45	161.55	38.56	35.16	105.83	19.02	972.651	14.8243	374	1.2947	14.4	0.4691	0.7256	1.9907	0.1	1.72	2.48	14.47	0.0311
9710.700195	33.21	65.45	164.89	38.56	34.99	105.83	19.02	974.507	14.7435	374	1.2902	14.43	0.4691	0.7256	1.9907	0.11	1.76	2.5	15.36	0.0313
9700.169922	33.21	65.45	164.89	38.56	34.99	106.6	18.84	967.967	14.6784	373	1.2929	14.41	0.4691	0.7256	1.9907	0.11	1.79	2.54	15.89	0.0309
9691.280273	33.21	65.45	164.89	38.56	34.99	106.6	18.7	959.754	14.4782	377.99	1.2928	14.41	0.4691	0.7256	1.9907	0.11	1.79	2.54	16.42	0.0305
9651.129883	32.71	65.45	164.89	38.55	33.95	103.86	18.6	951.847	14.4183	372	1.2931	14.01	0.4691	0.7256	1.9907	0.11	1.83	2.62	17.86	0.0305
9651.129883	32.71	65.45	164.89	38.55	33.95	103.86	18.6	951.847	14.4183	370.99	1.2931	14.01	0.4691	0.7256	1.9907	0.11	1.83	2.62	17.86	0.0302
9651.129883	32.71	65.45	164.89	38.55	33.95	103.86	18.6	951.847	14.4183	370	1.2931	14.01	0.4691	0.7256	1.9907	0.11	1.83	2.62	17.86	0.0302
9659.629883	32.73	65.45	162.69	38.55	33.95	103.86	18.6	953.162	14.4261	370.99	1.2911	14.38	0.4691	0.7256	1.9907	0.11	1.8	2.6	16.5	0.0302
9632.929688	32.55	64.75	162.49	38.55	33.29	103.86	18.6	951.838	14.4866	362.23	1.2949	14.65	0.4691	0.7256	1.9907	0.13	1.78	2.6	16.58	0.0298
9661.5	32.71	64.75	162.49	38.55	33.29	104.88	18.6	953.704	14.3783	353.5	1.2956	14.25	0.4691	0.7256	1.9907	0.12	1.82	2.62	17.14	0.0299
9798.129883	32.71	64.75	162.49	38.55	33.29	104.88	18.34	946.491	14.3656	333	1.2872	13.84	0.4691	0.7256	1.9907	0.12	1.85	2.63	15.5	0.0302
9799.259766	33.32	64.75	166	38.55	33.81	104.88	18.34	948.853	14.3401	315	1.2852	12.8	0.4691	0.7256	1.9907	0.11	1.83	2.59	16.9	0.0302
9799.259766	33.32	64.75	166	38.55	33.81	104.88	18.34	948.853	14.3401	320	1.2852	12.8	0.4691	0.7256	1.9907	0.11	1.83	2.59	16.9	0.0304
9799.259766	33.32	64.75	166	38.55	33.81	104.88	18.34	948.853	14.3401	315.5	1.2852	12.8	0.4691	0.7256	1.9907	0.11	1.83	2.59	16.9	0.0306
9749.540039	33.32	65.14	166	38.55	33.81	102.14	18.34	945.314	13.8173	319.4	1.2845	13.42	0.4691	0.7256	1.9907	0.1	1.8	2.57	16.44	0.0304
9595.030273	32.52	65.14	164.36	38.55	33.81	102.14	18.34	948.758	13.9055	335	1.2892	14.77	0.4691	0.7256	1.9907	0.1	1.78	2.54	16.65	0.0303
9661.969727	32.52	65.14	165.54	38.1	33.81	103.02	18.34	952.465	13.8285	335.5	1.2826	13.9	0.4691	0.7256	1.9907	0.11	1.82	2.57	17.21	0.0301
9510.009766	32.52	65.14	165.54	38.1	33.81	103.5	18.34	953.382	13.7703	326.99	1.2712	15.12	0.4691	0.7256	1.9907	0.1	1.75	2.52	17.99	0.03
9490.549805	32.52	65.14	164.71	38.1	33.81	103.77	18.34	955.709	13.7644	316	1.2732	15.39	0.4691	0.7256	1.9907	0.11	1.8	2.54	17.84	0.0299
9490.549805	32.52	65.14	164.71	38.1	33.81	103.77	18.34	955.709	13.7644	323	1.2732	15.39	0.4691	0.7256	1.9907	0.11	1.8	2.54	17.84	0.03
9422.910156	32.52	65.14	164.9	38.1	33.81	103.49	18.04	959.783	13.8567	305	1.2701	16.24	0.4691	0.7256	1.9907	0.11	1.77	2.5	17.17	0.0301
9474.299805	32.61	64.2	167.26	38.1	32.78	103.49	18.04	964.405	13.5988	313.6	1.2583	15.34	0.3623	0.6467	1.849	0.13	1.78	2.52	18.83	0.03
9382.030273	32.72	64.2	167.26	38.1	32.78	103.38	18.04	963.259	13.5281	308.9	1.2603	16.25	0.3623	0.6467	1.849	0.1	1.69	2.42	18.73	0.031
9195.679688	32.26	62.5	162	38.1	32.78	103.38	18.04	959.574	13.5227	298.99	1.2631	17.73	0.3623	0.6467	1.849	0.1	1.7	2.44	18.2	0.0309
9195.679688	32.26	62.5	162	38.1	32.78	103.38	18.04	955.159	13.4469	292	1.2616	17.73	0.3623	0.6467	1.849	0.11	1.73	2.45	19.13	0.0309
9195.679688	32.26	62.5	162	38.1	32.78	103.38	18.04	955.159	13.4469	256	1.2616	17.73	0.3623	0.6467	1.849	0.11	1.73	2.45	19.13	0.0307
9195.679688	32.26	62.5	162	38.1	32.78	103.38	18.04	955.159	13.4469	240	1.2616	17.73	0.3623	0.6467	1.849	0.11	1.73	2.45	19.13	0.0307
9209.509766	32.26	63.35	165.47	38.1	33.09	102.03	18.04	951.879	13.5585	272.3	1.2565	17.02	0.3623	0.6467	1.849	0.11	1.7	2.43	17.6	0.0306
9086.209961	32.26	63.35	164.84	38.1	33.09	102.03	18.04	957.901	13.7887	261.1	1.2607	17.6	0.3623	0.6467	1.849	0.1	1.64	2.36	17.56	0.0305
8995.330078	31.24	63.35	162.15	38.1	33.09	101.69	18.04	959.401	13.7013	279.99	1.2645	17.639999	0.3623	0.6467	1.849	0.1	1.57	2.35	17.5	0.0302
9005.019531	30.64	60.71	162.15	38.1	33.09	101.86	18.04	964.957	13.8201	280.12	1.2763	17.52	0.3623	0.6467	1.849	0.1	1.58	2.34	17.86	0.0299
8788.80957	30.46	60.39	161.61	38.1	33.09	101.86	18.04	964.78	13.6238	288	1.2638	19.799999	0.3623	0.6467	1.849	0.1	1.55	2.31	18.11	0.0299
8788.80957	30.46	60.39	161.61	38.1	33.09	101.86	18.04	964.78	13.6238	290	1.2638	19.799999	0.3623	0.6467	1.849	0.1	1.55	2.31	18.11	0.0301
8788.80957	30.46	60.39	161.61	38.1	33.09	101.86	18.04	964.78	13.6238	299	1.2638	19.799999	0.3623	0.6467	1.849	0.1	1.55	2.31	18.11	0.0308
8812.429688	30.5	60.08	159.74	38.1	33.09	100.87	18.04	968.861	13.7227	305	1.2679	19.889999	0.3623	0.6467	1.849	0.1	1.55	2.31	17.69	0.0311
8825.209961	30.38	60.34	158.14	38.1	33.09	100.87	18.04	974.854	13.8329	318	1.2646	19.91	0.3623	0.6467	1.849	0.09	1.45	2.21	17.98	0.031
8571.950195	30.24	58.52	158.14	38.1	31.41	99.78	18.04	969.752	13.4551	309.43	1.2666	23.57	0.3623	0.6467	1.849	0.1	1.37	2.15	20.04	0.0313
8582.900391	28.58	58.52	152.62	35.98	31.41	99.78	18.04	971.851	13.6984	302	1.2749	23.559999	0.3623	0.6467	1.849	0.1	1.39	2.17	19.68	0.0316
8850.269531	28.58	59.16	156.85	35.98	31.41	99.78	18.04	967.053	13.5456	302	1.2823	19.709999	0.3623	0.6467	1.849	0.11	1.44	2.22	18.08	0.0322
8850.269531	28.58	59.16	156.85	35.98	31.41	99.78	18.04	967.053	13.5456	305.98	1.2823	19.709999	0.3623	0.6467	1.849	0.11	1.44	2.22	18.08	0.0317
8850.269531	28.58	59.16	156.85	35.98	31.41	99.78	18.04	967.053	13.5456	309.69	1.2823	19.709999	0.3623	0.6467	1.849	0.11	1.44	2.22	18.08	0.0316
8717.759766	28.58	59.43	156.85	35.98	31.65	99.78	18.04	974.321	13.6068	305	1.2773	20.540001	0.3623	0.6467	1.849	0.1	1.41	2.2	17.27	0.0313
8886.959961	28.58	59.43	156.85	35.98	31.65	99.78	18.68	982.283	13.6125	307	1.2762	18.17	0.3623	0.6467	1.849	0.1	1.44	2.23	17.01	0.0313
8940.139648	30.46	60.86	156.85	37.36	31.65	99.5	18.9	982.037	13.6758	305	1.2693	17.75	0.3623	0.6467	1.849	0.11	1.46	2.25	16.58	0.0313
9047.30957	30.38	60.86	164.47	37.36	31.65	99.5	18.9	975.2	13.4749	287.98	1.2669	17.799999	0.3623	0.6467	1.849	0.11	1.52	2.29	16.91	0.0312
8987.799805	30.9	61.6	164.47	37.36	31.65	99.5	18.9	971.128	13.5868	281.2	1.2659	18.43	0.3623	0.6467	1.849	0.11	1.52	2.29	16.24	0.0322
8987.799805	30.9	61.6	164.47	37.36	31.65	99.5	18.9	971.128	13.5868	280	1.2659	18.43	0.3623	0.6467	1.849	0.11	1.52	2.29	16.24	0.0321
8987.799805	30.9	61.6	164.47	37.36	31.65	99.5	18.9	971.128	13.5868	280	1.2659	18.43	0.3623	0.6467	1.849	0.11	1.52	2.29	16.24	0.0319
8902.610352	30.9	61.6	163.76	37.36	31.57	99.5	19.04	966.835	13.5489	287.64	1.2679	19.780001	0.3623	0.6467	1.849	0.11	1.51	2.27	16.49	0.0317
9068.19043	30.9	61.79	165.1	37.36	31.57	99.5	19.04	964.572	13.5276	281	1.2748	17.83	0.3623	0.6467	1.849	0.11	1.53	2.3	16.3	0.0315
9082.80957	30.96	61.93	165.1	37.36	31.57	99.5	19.04	959.006	13.51033	272	1.2737	17.549999	0.3623	0.6467	1.849	0.11	1.61	2.34	16.75	0.0308
9114.839844	30.36	61.93	168.23	37.36	32.89	99.5	19.02	952.456	13.3333	278.9	1.2598	17.450001	0.3623	0.6467	1.849	0.11	1.58	2.32	18.08	0.03
9326.870117	31.4	63.23	170.78	39.66	32.89	99.97	19.02	931.325	12.8776	274.9	1.2524	16.83	0.3376	0.6664	1.6914	0.11	1.62	2.35	21.54	0.0297
9326.870117	31.4	63.23	170.78	39.66	32.89	99.97	19.02	931.325	12.8776	264	1.2524	16.83	0.3376	0.6664	1.6914	0.11	1.62	2.35	21.54	0.03
9326.870117	31.4	63.23	170.78	39.66	32.89	99.97	19.02	931.325	12.8776	263	1.2524	16.83	0.3376	0.6664	1.6914	0.11	1.62	2.35	21.54	0.0302
9251.700195	31.4	63.1	171.34	39.66	32.89	99.97	19.02	935.397	12.9241	263.45	1.2493	17.76	0.3376	0.6664	1.6914	0.12	1.63	2.36	21.1	0.0304
9166.469727	31.4	63.1	171.34	39.66	32.89	99.97	19.02	931.635	12.8816	263.84	1.2514	18.889999	0.3376	0.6664	1.6914	0.11	1.63	2.35	20.1	0.0303
9315.480469	31.4	63.1	171.34	39.66	32.98	99.97	19.56	914.991	12.2825	272	1.248	18.450001	0.3376	0.6664	1.6914	0.11	1.63	2.36	23.38	0.0301
9377.410156	31.48	63.1	171.34	39.66	32.98	99.08	19.56	920.714	12.2074	280	1.2517	17.51	0.3376	0.6664	1.6914	0.12	1.67	2.39	23.18	0.0302
9291.830078	31.48	63.08	171.34	39.66	32.98	99.08	19.56	928.801	12.4435	275	1.2393	17.67	0.3376	0.6664	1.6914	0.12	1.6	2.32	21.38	0.03
9291.830078	31.48	63.08	171.34	39.66	32.98	99.08	19.56	928.801	12.4435	274.99	1.2393	17.67	0.3376	0.6664	1.6914	0.12	1.6	2.32	21.38	0.0298
9291.830078	31.48	63.08	171.34	39.66	32.98	99.08	19.56	928.801	12.4435	283.5	1.2393	17.67	0.3376	0.6664	1.6914	0.12	1.6	2.32	21.38	0.03
9351.870117	31.48	63.32	171.34	39.66	32.98	99.08	19.41	934.685	12.5501	295	1.2486	16.43	0.3376	0.6664	1.6914	0.13	1.65	2.38	22.23	0.03
9369.030273	31.66	63.32	174.86	39.66	33.04	99.75	19.41	930.935	12.5413	293	1.2424	15.82	0.3376	0.6664	1.6914	0.13	1.65	2.38	21.43	0.0304
9210.959961	31.66	63.2	174.5	39.66	33.04	99.75	19.41	934.666	12.5351	336	1.2467	17.049999	0.3376	0.6664	1.6914	0.14	1.65	2.37	21.29	0.0309
9248.509766	31.66	63.2	174.5	39.65	33.04	99.75	19.41	931.561	12.6304	323.16	1.2456	16.5	0.3376	0.6664	1.6914	0.15	1.64	2.35	20.98	0.0311
9252.94043	31.66	63.2	174.17	39.65	33.04	96.53	19.6	938.278	12.3343	320.8	1.2436	16.25	0.3376	0.6664	1.6914	0.15	1.62	2.32	23.36	0.0326
9252.94043	31.66	63.2	174.17	39.65	33.04	96.53	19.6	938.278	12.3343	306.69	1.2436	16.25	0.3376	0.6664	1.6914	0.15	1.62	2.32	23.36	0.0328
9252.94043	31.66	63.2	174.17	39.65	33.04	96.53	19.6	938.278	12.3343	310	1.2436	16.25	0.3376	0.6664	1.6914	0.15	1.62	2.32	23.36	0.0325
9306.349609	31.66	63.2	174.17	39.65	33.04	96.53	19.6	949.037	12.9693	307.1	1.2496	16.48	0.3376	0.6664	1.6914	0.15	1.64	2.34	23.37	0.0324
9456.530273	31.66	63.86	174.28	39.65	33.04	96.53	19.42	953.666	12.9983	306	1.2514	15.7	0.3376	0.6664	1.6914	0.14	1.63	2.32	23.97	0.0325
9472.799805	31.92	63.74	173.75	38.79	33.04	96.53	19.42	953.596	12.9717	305	1.2535	15.95	0.3376	0.6664	1.6914	0.15	1.66	2.36	24.26	0.0323
9483.969727	31.92	63.74	173.75	38.79	33.04	96.53	19.42	949.493	12.9238	292	1.2539	15.85	0.3376	0.6664	1.6914	0.14	1.64	2.34	21.5	0.0327
9732.549805	31.86	64.83	176.93	38.79	33.04	96.53	19.42	968.579	13.1166	292	1.2422	15.37	0.3376	0.6664	1.6914	0.14	1.63	2.31	21.23	0.0331
9732.549805	31.86	64.83	176.93	38.79	33.04	96.53	19.42	968.579	13.1166	289.5	1.2422	15.37	0.3376	0.6664	1.6914	0.14	1.63	2.31	21.23	0.0341
9785.540039	32.62	65.29	177.3	38.79	33.04	96.53	19.42	963.705	13.1587	300	1.241	16.559999	0.3376	0.6664	1.6914	0.14	1.62	2.3	20.64	0.034
9861.209961	32.62	65.29	177.3	38.79	33.04	96.53	19.64	961.353	13.3987	304	1.2424	15.74	0.3376	0.6664	1.6914	0.14	1.58	2.27	20.67	0.034
9915.55957	32.62	65.28	176.11	38.79	33.04	100.3	19.67	957.081	13.3349	298	1.2475	15.26	0.3376	0.6664	1.6914	0.14	1.56	2.24	21.24	0.034
9974.870117	32.62	65.28	176.84	38.79	33.04	100.3	19.8	956.489	13.1549	299	1.248	15.21	0.3376	0.6664	1.6914	0.14	1.56	2.24	21.24	0.034
9980.849609	32.82	65.28	177.06	38.79	33.45	100.3	19.8	948.4	12.7996	304	1.2483	15.21	0.3376	0.6664	1.6914	0.13	1.49	2.18	25.17	0.0341
9980.849609	32.82	65.28	177.06	38.79	33.45	100.3	19.8	948.4	12.7996	303.77	1.2483	15.21	0.3376	0.6664	1.6914	0.13	1.49	2.18	25.17	0.0342
9980.849609	32.82	65.28	177.06	38.79	33.45	100.3	19.8	948.4	12.7996	303	1.2483	15.21	0.3347	0.6391	1.6196	0.13	1.49	2.18	25.17	0.0342
9963.509766	32.8	65.18	175.58	38.79	32.71	100.3	19.79	956.271	12.6254	303	1.2469	15.97	0.3347	0.6391	1.6196	0.13	1.52	2.22	22.33	0.0342
9934.080078	32.8	65.18	175.58	38.79	32.71	96.84	19.79	963.399	12.9924	303	1.2424	15.95	0.3347	0.6391	1.6196	0.14	1.59	2.28	21.29	0.0341
9971.790039	32.8	65.18	175.58	38.79	32.71	96.84	20.1	978.755	13.2262	308	1.2331	15.64	0.3347	0.6391	1.6196	0.15	1.61	2.29	20.62	0.0338
9851.349609	33.21	65.18	175.58	38.79	32.71	96.84	19.86	975.944	13.3409	301.99	1.2311	15.21	0.3347	0.6391	1.6196	0.14	1.59	2.25	20.29	0.034
10087.120117	33.21	65.18	175.58	39.42	32.93	96.75	19.86	971.047	13.2227	305.5	1.2362	14.11	0.3347	0.6391	1.6196	0.18	1.69	2.31	20.02	0.0337
10087.120117	33.21	65.18	175.58	39.42	32.93	96.75	19.86	971.047	13.2227	305.29	1.2362	14.11	0.3347	0.6391	1.6196	0.18	1.69	2.31	20.02	0.0339
10087.120117	33.21	65.18	175.58	39.42	32.93	96.75	19.86	971.047	13.2227	305.99	1.2362	14.11	0.3347	0.6391	1.6196	0.18	1.69	2.31	20.02	0.0338
10014.990234	33.21	65.18	178.79	39.42	32.85	96.84	19.86	971.577	13.2583	302.78	1.2258	14.87	0.3347	0.6391	1.6196	0.18	1.67	2.26	19.62	0.0356
9793.709961	32.64	65.18	175.19	39.42	31.94	96.84	19.86	987.525	13.2508	289	1.2369	18.58	0.3347	0.6391	1.6196	0.23	1.63	2.22	20.04	0.0367
9799.730469	32.64	64.49	176.8	39.42	31.94	95.13	19.86	990.091	13.7847	287	1.2392	17.5	0.3347	0.6391	1.6196	0.21	1.58	2.18	19.27	0.0365
9862.530273	32.06	64.49	176.46	39.42	31.94	95.25	19.86	981.638	13.6232	286.5	1.2428	17.4	0.3347	0.6391	1.6196	0.21	1.62	2.19	19.11	0.0365
9594.730469	31.22	64.49	172.93	37.75	31.94	93.99	19.84	978.06	13.7064	290.99	1.245	21.219999	0.3347	0.6391	1.6196	0.19	1.53	2.1	19.66	0.0378
9594.730469	31.22	64.49	172.93	37.75	31.94	93.99	19.84	978.06	13.7064	281	1.245	21.219999	0.3347	0.6391	1.6196	0.19	1.53	2.1	19.66	0.0382
9594.730469	31.22	64.49	172.93	37.75	31.94	93.99	19.84	978.06	13.7064	283	1.245	21.219999	0.3347	0.6391	1.6196	0.19	1.53	2.1	19.66	0.0392
9334.009766	31.34	62.65	171.07	37.75	30.41	94.23	19.84	971.988	13.5548	287	1.2426	21.219999	0.3347	0.6391	1.6196	0.22	1.58	2.12	20.95	0.0387
9563.889648	30.52	62.65	170.5	37.75	30.41	94.23	19.84	959.697	12.9904	270	1.2537	21.219999	0.3347	0.6391	1.6196	0.21	1.53	2.07	22.08	0.0382
9544.429688	30.52	62.65	168.88	37.75	30.41	94.23	19.84	960.442	12.803	269.5	1.2448	21.139999	0.3347	0.6391	1.6196	0.23	1.61	2.14	20.9	0.038
9811.05957	31.75	62.65	176.43	37.75	30.41	94.23	20.3	976.384	13.0604	261	1.2285	18.33	0.3347	0.6391	1.6196	0.25	1.68	2.22	19.28	0.0376
9786.959961	31.75	62.65	180.01	37.75	30.41	92.5	20.3	973.693	12.9332	267.99	1.2279	18.33	0.3347	0.6391	1.6196	0.26	1.66	2.17	18.68	0.0373
9786.959961	31.75	62.65	180.01	37.75	30.41	92.5	20.3	973.693	12.9332	279.99	1.2279	18.33	0.3347	0.6391	1.6196	0.26	1.66	2.17	18.68	0.0369
9786.959961	31.75	62.65	180.01	37.75	30.41	92.5	20.3	973.693	12.9332	268	1.2279	18.33	0.3347	0.6391	1.6196	0.26	1.66	2.17	18.68	0.0364
9865.759766	31.75	65.05	180.27	37.75	30.41	92.5	20.4	974.839	13.1251	273.99	1.2259	17.969999	0.3347	0.6391	1.6196	0.28	1.67	2.17	20.26	0.0361
9922.110352	31.75	65.05	180.27	37.75	30.41	92.5	20.54	966.185	12.8486	275	1.2213	18.01	0.3347	0.6391	1.6196	0.26	1.76	2.26	19.76	0.0357
9922.110352	31.75	65.05	180.27	37.75	30.41	92.5	20.54	966.185	12.9262	275.2	1.2219	18.01	0.3347	0.6391	1.6196	0.26	1.76	2.27	19.37	0.0355
9922.110352	31.75	65.05	180.27	37.75	30.41	92.5	20.54	966.185	12.9262	270	1.2219	18.01	0.3347	0.6391	1.6196	0.26	1.76	2.27	19.37	0.0357
9922.110352	31.75	65.05	180.27	37.75	30.41	92.5	20.54	966.185	12.9262	271	1.2219	18.01	0.3347	0.6391	1.6196	0.26	1.75	2.25	18.92	0.035
9922.110352	31.75	65.05	180.27	37.75	30.41	92.5	20.54	966.185	12.9262	260	1.2219	18.01	0.3347	0.6391	1.6196	0.26	1.75	2.25	18.92	0.0349
9922.110352	31.75	65.05	180.27	37.75	30.41	92.5	20.54	966.185	12.9262	257	1.2219	18.01	0.3347	0.6391	1.6196	0.26	1.75	2.25	18.92	0.0351
9927.129883	32.42	64.49	183.2	37.75	32.54	92.5	20.66	972.678	13.1244	263.99	1.2197	19.48	0.3347	0.6391	1.6196	0.25	1.72	2.22	20.15	0.0351
9805.549805	32.42	64.85	183.2	37.75	32.54	90.97	20.63	990.229	12.982	261.01	1.216	19.48	0.3347	0.6391	1.6196	0.23	1.68	2.2	19.48	0.0355
9805.549805	32.42	64.85	183.2	37.75	32.54	90.97	20.63	990.229	13.1397	263	1.2141	19.48	0.3285	0.5699	1.4509	0.25	1.65	2.17	20.08	0.0356
9805.549805	32.42	64.85	183.2	37.75	32.54	90.97	20.63	990.229	13.1397	261	1.2141	19.48	0.3285	0.5699	1.4509	0.25	1.65	2.17	20.08	0.0355
9764.730469	32.07	64.85	183.31	37.75	32.54	90.97	20.68	974.879	13.0319	265	1.2043	19.48	0.3285	0.5699	1.4509	0.25	1.61	2.12	20.23	0.0354
9764.730469	32.07	64.85	183.31	37.75	32.54	90.97	20.68	974.879	13.0319	243	1.2043	19.48	0.3285	0.5699	1.4509	0.25	1.61	2.12	20.23	0.0359
9764.730469	32.07	64.85	183.31	37.75	32.54	90.97	20.68	974.879	13.0319	221.1	1.2043	19.48	0.3285	0.5699	1.4509	0.25	1.61	2.12	20.23	0.0359
9473.160156	31.55	64.29	180.78	39.37	32.54	90.97	21	1005.53	13.3356	232.5	1.1915	24.09	0.3285	0.5699	1.4509	0.26	1.57	2.04	21.26	0.0359
9469.660156	31.55	62.3	180.78	38.56	32.54	91.11	21.08	1014.715	13.696	240	1.1914	24.09	0.3285	0.5699	1.4509	0.25	1.5	1.97	20.78	0.036
9518.179688	31.06	62.3	182.8	38.56	32.54	91.5	21.48	1023.679	13.8109	240	1.1831	23.42	0.3285	0.5699	1.4509	0.25	1.47	1.96	20.35	0.0362
9837.610352	31.4	62.3	184.19	38.56	33.6	91.62	21.75	1030.521	13.9071	246	1.1768	21.110001	0.3285	0.5699	1.4509	0.23	1.5	2.03	19.2	0.0361
9648.5	31.4	63.82	184.19	38.56	33.6	91.62	21.75	1030.769	13.7499	247.5	1.1813	21.110001	0.3285	0.5699	1.4509	0.22	1.45	1.98	18.44	0.0358
9648.5	31.4	63.82	184.19	38.56	33.6	91.62	21.75	1030.769	13.7499	237	1.1813	21.110001	0.3285	0.5699	1.4509	0.22	1.45	1.98	18.44	0.036
9648.5	31.4	63.82	184.19	38.56	33.6	91.62	21.75	1030.769	13.7499	225	1.1813	21.110001	0.3285	0.5699	1.4509	0.22	1.45	1.98	18.44	0.0364
9781.900391	31.4	63.82	184.19	38.56	33.6	90.78	21.94	1035.72	13.9976	230	1.1804	23.18	0.3285	0.5699	1.4509	0.19	1.39	1.92	17.65	0.0364
9941	31.4	64.92	184.03	38.56	33.6	90.68	22.09	1047.283	14.4178	191.5	1.1782	21.99	0.3285	0.5699	1.4509	0.2	1.37	1.91	17.63	0.036
9817.080078	31.46	64.92	180.7	38.56	33.23	88.92	22.09	1049.01	14.1557	152	1.1775	22.799999	0.3285	0.5699	1.4509	0.18	1.33	1.86	18.52	0.0359
10032.610352	32.17	64.92	184.12	38.56	33.23	88.92	22.54	1082.173	14.63	185	1.1708	22.620001	0.3285	0.5699	1.4509	0.16	1.22	1.77	21.83	0.0366
10167.769531	32.15	64.92	184.12	38.56	33.23	88.92	22.84	1107.211	14.6013	185	1.1588	22.620001	0.3285	0.5699	1.4509	0.17	1.29	1.83	22.66	0.0367
10167.769531	32.15	64.92	184.12	38.56	33.23	88.92	22.84	1107.211	14.6013	175	1.1588	22.620001	0.3285	0.5699	1.4509	0.17	1.29	1.83	22.66	0.037
10167.769531	32.15	64.92	184.12	38.56	33.23	88.92	22.84	1107.211	14.6013	185.9	1.1588	22.620001	0.3285	0.5699	1.4509	0.17	1.29	1.83	22.66	0.0375
10242.349609	32.94	66.59	185.73	40.75	34.03	92.97	22.84	1096.076	15.23	179	1.1605	22.85	0.3285	0.5699	1.4509	0.17	1.29	1.83	22.66	0.0383
10257.129883	33.12	67.1	186.33	40.75	34.03	92.97	22.87	1112.142	15.366	185.98	1.1579	22.85	0.3285	0.5699	1.4509	0.17	1.31	1.82	23.43	0.0394
10299.230469	33.12	67.1	186.33	40.75	34.03	92.97	22.87	1110.11	15.7395	191	1.1593	22.85	0.3285	0.5699	1.4509	0.17	1.35	1.87	22.34	0.0396
10435.620117	33.7	67.64	189.08	40.75	34.03	92.97	22.87	1130.179	15.5447	204.1	1.1618	19.610001	0.3285	0.5699	1.4509	0.17	1.39	1.9	21.25	0.0395
10649.580078	34.51	69.46	193.95	40.75	34.03	92.97	23.72	1148.957	16.3074	207	1.1198	19.610001	0.3285	0.5699	1.4509	0.17	1.33	1.81	20.62	0.0397
10649.580078	34.51	69.46	193.95	40.75	34.03	92.97	23.72	1148.957	16.3074	219.98	1.1198	19.610001	0.3285	0.5699	1.4509	0.17	1.33	1.81	20.62	0.0396
10649.580078	34.51	69.46	193.95	40.75	34.03	92.97	23.72	1148.957	16.3074	226	1.1198	19.610001	0.3285	0.5699	1.4509	0.17	1.33	1.81	20.62	0.0393
10798.330078	34.85	69.46	193.95	42.68	36.35	94.97	23.76	1136.263	15.8842	239	1.1244	19.07	0.3285	0.5699	1.4509	0.18	1.36	1.83	20.04	0.0395
10628.580078	34.44	69.95	193.95	42.68	36.18	95	23.64	1133.644	15.8422	234.44	1.1306	20.379999	0.3285	0.5699	1.4509	0.17	1.34	1.83	20.16	0.0401
10710.969727	34.28	69.95	193.95	42.68	35.88	95	23.64	1138.614	15.8511	210	1.1344	19.389999	0.3285	0.5699	1.4509	0.17	1.25	1.73	19.31	0.0401
10737.870117	34.28	69.58	188.98	42.68	35.88	94.28	23.64	1119.025	15.4071	209.55	1.1315	19.84	0.3285	0.5699	1.4509	0.17	1.28	1.77	20.25	0.0409
10694.320312	34.27	69.39	189.21	42.68	35.88	94.28	23.64	1114.378	14.918	210	1.1305	21.209999	0.3285	0.5699	1.4509	0.18	1.18	1.68	19.65	0.0414
10694.320312	34.27	69.39	189.21	42.68	35.88	94.28	23.64	1114.378	14.918	203.85	1.1305	21.209999	0.2982	0.4809	1.2699	0.18	1.18	1.68	19.65	0.042
10694.320312	34.27	69.39	189.21	42.68	35.88	94.28	23.64	1114.378	14.918	209	1.1305	21.209999	0.2982	0.4809	1.2699	0.18	1.18	1.68	19.65	0.0435
10828.009766	34.27	69.39	189.21	42.68	35.88	94.28	23.27	1120.553	15.2013	208	1.131	20.85	0.2982	0.4809	1.2699	0.17	1.19	1.68	20.33	0.0444
10890.950195	34.94	69.84	189.21	42.68	35.88	94.28	23.14	1104.92	15.5087	208	1.1376	20.65	0.2982	0.4809	1.2699	0.21	1.28	1.79	20.3	0.0433
10911.320312	34.81	69.92	189.21	42.68	35.89	96.69	23.14	1111.354	15.1811	201	1.1446	19.67	0.2982	0.4809	1.2699	0.2	1.29	1.81	20.36	0.0433
10905.410156	34.81	70.36	189.21	42.68	35.89	95.25	23.14	1101.61	14.881	196.99	1.141	19.309999	0.2982	0.4809	1.2699	0.2	1.3	1.83	20.06	0.0423
10846.389648	34.81	70.53	194.02	42.68	35.52	97.18	23.14	1094.646	15.0472	199	1.1447	18.48	0.2982	0.4809	1.2699	0.26	1.48	1.95	20.59	0.0416
10846.389648	34.81	70.53	194.02	42.68	35.52	97.18	23.14	1094.646	15.0472	197.2	1.1447	18.48	0.2982	0.4809	1.2699	0.26	1.48	1.95	20.59	0.0412
10846.389648	34.81	70.53	194.02	42.68	35.52	97.18	23.14	1094.646	15.0472	198.79	1.1447	18.48	0.2982	0.4809	1.2699	0.26	1.48	1.95	20.59	0.0408
10663.509766	34.1	69.72	193.04	42.68	35.52	97	22.98	1092.152	15.0044	199	1.1275	20.9	0.2982	0.4809	1.2699	0.24	1.49	1.96	20.3	0.0404
10753.830078	34.24	70.42	193.04	42.68	35.52	97	22.98	1091.078	14.8923	198.92	1.1297	20.9	0.2982	0.4809	1.2699	0.25	1.52	2.01	19.71	0.0403
10752.110352	34.24	70.16	193.04	42.68	35.52	97	22.92	1082.956	14.9973	200	1.1314	20.879999	0.2982	0.4809	1.2699	0.24	1.53	2	20.07	0.04
10919.650391	34.24	70.16	193.04	42.68	35.52	96.25	22.92	1074.159	14.8889	195.1	1.1328	19.66	0.2982	0.4809	1.2699	0.23	1.5	1.99	19.31	0.0406
10963.400391	35.26	71.12	193.04	42.68	35.62	96.25	22.91	1079.531	14.7726	207	1.1381	19.74	0.2982	0.4809	1.2699	0.23	1.53	2.02	18.49	0.04
10963.400391	35.26	71.12	193.04	42.68	35.62	96.25	22.91	1079.531	14.7726	222	1.1381	19.74	0.2982	0.4809	1.2699	0.23	1.53	2.02	18.49	0.0395
10963.400391	35.26	71.12	193.04	42.68	35.62	96.25	22.91	1079.531	14.7726	200	1.1381	19.74	0.2982	0.4809	1.2699	0.23	1.53	2.02	18.49	0.0394
10923.230469	35.14	71.11	196.12	42.68	35.62	99.46	22.91	1077.344	15.1252	211	1.1408	19.74	0.2982	0.4809	1.2699	0.23	1.53	2.02	18.49	0.0393
10895.620117	34.78	71.11	196.38	42.68	35.62	95.45	22.91	1060.779	14.7015	212	1.1415	19.690001	0.2982	0.4809	1.2699	0.25	1.62	2.14	19.61	0.0389
10961	35.32	71.11	196.92	42.68	35.62	95.45	22.94	1062.321	14.4428	205	1.1372	18.709999	0.2982	0.4809	1.2699	0.23	1.52	2.07	19.54	0.0386
11001.94043	35.58	71.11	196.92	42.68	35.62	95.08	22.94	1062.549	14.6819	212	1.1387	18.34	0.2982	0.4809	1.2699	0.23	1.58	2.11	18.62	0.0382
11050.639648	35.51	72.76	196.92	42.68	35.93	95.08	22.94	1069.721	14.4321	217.42	1.1298	18.889999	0.2982	0.4809	1.2699	0.23	1.61	2.13	19.26	0.0377
11050.639648	35.51	72.76	196.92	42.68	35.93	95.08	22.94	1069.721	14.4321	215	1.1298	18.889999	0.2982	0.4809	1.2699	0.23	1.61	2.13	19.26	0.0378
11050.639648	35.51	72.76	196.92	42.68	35.93	95.08	22.94	1069.721	14.4321	213.7	1.1298	18.889999	0.2982	0.4809	1.2699	0.23	1.61	2.13	19.26	0.0378
11130.919922	35.88	72.95	198.38	44.52	35.93	95.08	23.02	1062.732	14.3185	213	1.1298	17.049999	0.2982	0.4809	1.2699	0.22	1.56	2.06	19.4	0.0385
11205.740234	35.99	72.79	199.82	44.52	35.93	95.07	23.03	1054.47	14.417	210	1.1328	15.77	0.2982	0.4809	1.2699	0.22	1.47	1.99	18.77	0.0383
11210.269531	35.99	72.79	199.82	44.52	36.12	95.89	23.03	1061.267	14.5552	213	1.1346	15.72	0.2982	0.4809	1.2699	0.21	1.47	1.96	17.4	0.0382
11327.19043	36.46	72.79	198.96	44.52	36.12	95.89	23.03	1076.392	14.8194	211.75	1.1317	15.08	0.2982	0.4809	1.2699	0.22	1.54	2.03	16.65	0.0382
11401.660156	36.46	72.79	201.37	44.52	36.12	95.89	23.03	1085.479	14.7274	220.17	1.124	14.66	0.2982	0.4809	1.2699	0.22	1.5	2	15.91	0.0388
11401.660156	36.46	72.79	201.37	44.52	36.12	95.89	23.03	1085.479	14.7274	221.1	1.124	14.66	0.2551	0.4111	1.2147	0.22	1.5	2	15.91	0.0386
11401.660156	36.46	72.79	201.37	44.52	36.12	95.89	23.03	1085.479	14.7274	227.98	1.124	14.66	0.2551	0.4111	1.2147	0.22	1.5	2	15.91	0.0382
11410.360352	36.68	73.75	201.74	45.39	36.12	95.89	22.98	1081.334	14.8151	243	1.1227	15.34	0.2551	0.4111	1.2147	0.22	1.57	2.08	16.38	0.0381
11280.360352	36.55	73.75	201.74	45.39	36.12	95.89	22.98	1083.296	14.7172	252	1.1168	15.89	0.2551	0.4111	1.2147	0.26	1.61	2.12	16.76	0.0381
11390.379883	36.27	73.75	201.74	45.39	36.12	95.89	22.98	1082.288	14.6644	250	1.1124	15.51	0.2551	0.4111	1.2147	0.26	1.6	2.12	16.66	0.0379
11504.009766	36.91	73.75	201.74	45.39	36.55	95.89	23.18	1088.965	14.6529	253	1.1069	15.05	0.2551	0.4111	1.2147	0.25	1.57	2.11	16.9	0.0377
11550.969727	36.94	74.47	204.6	46.84	36.55	95.89	23.16	1082.942	14.6174	246.5	1.0963	16.639999	0.2551	0.4111	1.2147	0.27	1.7	2.24	18.43	0.0378
11550.969727	36.94	74.47	204.6	46.84	36.55	95.89	23.16	1082.942	14.6174	251	1.0963	16.639999	0.2551	0.4111	1.2147	0.27	1.7	2.24	18.43	0.0377
11550.969727	36.94	74.47	204.6	46.84	36.55	95.89	23.16	1082.942	14.6174	255.94	1.0963	16.639999	0.2551	0.4111	1.2147	0.27	1.7	2.24	18.43	0.0376
11582.110352	36.8	74.25	204.6	46.84	36.55	95.89	22.66	1077.107	14.658	266.5	1.086	15.81	0.2551	0.4111	1.2147	0.27	1.66	2.2	17.58	0.0376
11500.379883	36.8	74.25	205.25	46.84	36.55	95.89	23.04	1081.937	14.701	275.89	1.0738	15.81	0.2551	0.4111	1.2147	0.25	1.62	2.14	18.97	0.0373
11805.990234	37.28	74.91	205.25	46.84	36.55	99.67	23.04	1088.397	14.7561	281.99	1.0578	15.81	0.2551	0.4111	1.2147	0.25	1.6	2.11	20.01	0.0373
11799.389648	37.28	75.03	206.95	46.84	36.55	98.78	23.31	1083.706	14.7396	278	1.0613	17.049999	0.2551	0.4111	1.2147	0.24	1.59	2.1	19.07	0.0375
11901.610352	37.27	74.64	206.95	46.84	36.55	98.78	23.31	1096.099	14.6669	276.8	1.0572	17.01	0.2551	0.4111	1.2147	0.24	1.6	2.13	18.9	0.038
11901.610352	37.27	74.64	206.95	46.84	36.55	98.78	23.31	1096.099	14.6669	271	1.0572	17.01	0.2551	0.4111	1.2147	0.24	1.6	2.13	18.9	0.0385
11901.610352	37.27	74.64	206.95	46.84	36.55	98.78	23.31	1096.099	14.6669	272	1.0572	17.01	0.2551	0.4111	1.2147	0.24	1.6	2.13	18.9	0.0391
12167.719727	37.86	75.52	210.34	48.11	36.92	97.36	23.68	1088.9	14.7986	275	1.0557	17.01	0.2551	0.4111	1.2147	0.26	1.57	2.1	19.14	0.0397
11980.849609	37.42	74.98	210.34	48.11	36.92	97.15	23.65	1084.335	14.6599	267	1.0635	19.629999	0.2551	0.4111	1.2147	0.27	1.56	2.06	20.83	0.0401
11922.769531	37.26	74.98	207.17	48.11	36.92	97.15	23.64	1081.291	14.5888	240	1.0592	19.700001	0.2551	0.4111	1.2147	0.23	1.41	1.93	18.65	0.041
11899.400391	37.58	75.85	210.13	48.11	36.92	97.15	23.64	1094.425	14.8508	245	1.0677	19.379999	0.2551	0.4111	1.2147	0.26	1.48	1.98	17.25	0.0413
12039.370117	38.02	75.85	210.13	48.36	36.92	97.69	23.88	1096.96	15.091	249.99	1.0776	18.43	0.2551	0.4111	1.2147	0.24	1.42	1.93	17.21	0.0408
12039.370117	38.02	75.85	210.13	48.36	36.92	97.69	23.88	1096.96	15.091	245	1.0776	18.43	0.2551	0.4111	1.2147	0.24	1.42	1.93	17.21	0.0407
12039.370117	38.02	75.85	210.13	48.36	36.92	97.69	23.88	1096.96	15.091	256	1.0776	18.43	0.2551	0.4111	1.2147	0.24	1.42	1.93	17.21	0.0409
11895.839844	37.93	75.88	210.13	48.36	36.92	97.69	23.96	1085.61	15.3599	255	1.0912	19.33	0.2551	0.4111	1.2147	0.24	1.41	1.92	17.26	0.0407
12005.69043	37.93	76.19	210.13	48.36	36.92	97.69	23.96	1091.72	15.4497	228	1.095	17.52	0.2551	0.4111	1.2147	0.24	1.37	1.88	16.84	0.0408
11865.320312	37.93	76.19	202.1	48.36	36.92	97.69	23.42	1090.48	15.4098	228.9	1.0985	18.290001	0.2551	0.4111	1.2147	0.25	1.41	1.93	16.38	0.0408
11843.679688	37.08	74.81	198.16	48.36	36.11	97.93	23.23	1100.68	15.5798	229	1.0973	19.02	0.2551	0.4111	1.2147	0.28	1.47	2.01	16.02	0.0411
11868.330078	37.08	74.81	203.01	48.36	36.6	97.93	23.23	1099.14	15.7841	228	1.0856	19.42	0.2551	0.4111	1.2147	0.27	1.42	1.95	15.83	0.0411
11868.330078	37.08	74.81	203.01	48.36	36.6	97.93	23.23	1099.14	15.7841	231.99	1.0856	19.42	0.2551	0.4111	1.2147	0.27	1.42	1.95	15.83	0.0409
11868.330078	37.08	74.81	203.01	48.36	36.6	97.93	23.23	1099.14	15.7841	223	1.0856	19.42	0.2551	0.4111	1.2147	0.27	1.42	1.95	15.83	0.0417
12086.009766	38.04	75.84	203.2	48.36	37.04	97.93	23.23	1095.1	15.3683	228.34	1.0845	18.629999	0.2551	0.4111	1.2147	0.27	1.41	1.96	16.64	0.0408
11966.169922	38.18	75.22	206.4	48.36	37.04	97.93	23.23	1106.22	15.4519	230.99	1.0759	18.629999	0.2124	0.2494	0.9554	0.26	1.37	1.94	16.34	0.0412
12001.379883	38.18	75.92	204.65	48.36	37.04	97.78	23.23	1112.97	15.3975	230.99	1.0755	18.629999	0.2124	0.2494	0.9554	0.27	1.32	1.87	16.04	0.0414
11967.389648	37.92	75.92	204.65	48.36	38.04	97.78	23.84	1102.68	15.5595	233.99	1.083	18.629999	0.2124	0.2494	0.9554	0.25	1.35	1.92	16.01	0.0411
11967.389648	37.92	75.92	204.65	48.36	38.04	97.78	23.84	1102.68	15.5595	234	1.083	18.629999	0.2124	0.2494	0.9554	0.21	1.26	1.85	16.01	0.041
11967.389648	37.92	75.92	204.65	48.36	38.04	97.78	23.84	1102.68	15.5595	237.5	1.083	18.629999	0.2124	0.2494	0.9554	0.21	1.26	1.85	16.01	0.0407
11967.389648	37.92	75.92	204.65	48.36	38.04	97.78	23.84	1102.68	15.5595	236	1.083	18.629999	0.2124	0.2494	0.9554	0.21	1.26	1.85	16.01	0.0407
11967.389648	37.92	75.92	204.65	48.36	38.04	97.78	23.84	1102.68	15.5595	235	1.083	18.629999	0.2124	0.2494	0.9554	0.21	1.31	1.92	15.74	0.0405
12123.519531	38.54	75.92	204.65	48.36	38.04	98.31	23.84	1114.38	15.5206	236.1	1.0847	19	0.2124	0.2494	0.9554	0.22	1.32	1.89	15.2	0.0407
12035.860352	38.42	75.92	204.8	48.78	38.04	98.31	23.84	1112.95	15.4893	232.5	1.0862	19	0.2124	0.2494	0.9554	0.22	1.35	1.92	14.79	0.0408
12166.44043	38.44	77.69	204.8	48.78	38.04	98.31	23.84	1114.34	15.1459	228	1.0774	17.32	0.2124	0.2494	0.9554	0.22	1.4	1.97	15	0.0405
12374.730469	38.44	77.91	204.8	48.78	38.04	98.31	24.28	1137.8	15.6398	222	1.057	17.32	0.2124	0.2494	0.9554	0.24	1.41	1.96	14.23	0.0403
12374.730469	38.44	77.91	204.8	48.78	38.04	98.31	24.28	1137.8	15.6398	222.5	1.057	17.32	0.2124	0.2494	0.9554	0.24	1.41	1.96	14.23	0.04
12374.730469	38.44	77.91	204.8	48.78	38.04	98.31	24.28	1137.8	15.6398	223.5	1.057	17.32	0.2124	0.2494	0.9554	0.24	1.41	1.96	14.23	0.0391
12338.730469	39.2	78.52	212.58	48.78	40.57	98.31	24.18	1132.53	15.4555	214.4	1.0552	16.969999	0.2124	0.2494	0.9554	0.23	1.38	1.94	14.79	0.039
12227.599609	38.7	78.52	212.58	48.78	40.79	99.85	24.18	1118.97	15.2014	205	1.0564	17.780001	0.2124	0.2494	0.9554	0.23	1.34	1.9	15.18	0.0392
12231.339844	38.94	78.52	212.58	48.78	40.79	99.85	24.14	1120.99	15.2786	212.5	1.0579	17.780001	0.2124	0.2494	0.9554	0.23	1.33	1.91	14.6	0.0396
11998.860352	38.7	78.19	212.58	48.78	40.79	99.85	24.14	1123.07	15.371	215.2	1.0711	19.139999	0.2124	0.2494	0.9554	0.22	1.31	1.9	14.54	0.0398
11688.700195	37.68	77.5	212.58	48.78	40.79	99.85	24.14	1116.28	15.1215	211	1.0814	21.85	0.2124	0.2494	0.9554	0.23	1.31	1.87	14.47	0.0399
11688.700195	37.68	77.5	212.58	48.78	40.79	99.85	24.14	1116.28	15.1215	207	1.0814	21.85	0.2124	0.2494	0.9554	0.23	1.31	1.87	14.47	0.0406
11688.700195	37.68	77.5	212.58	48.78	40.79	99.85	24.14	1116.28	15.1215	212	1.0814	21.85	0.2124	0.2494	0.9554	0.23	1.31	1.87	14.47	0.0409
11891.910156	37.84	77.35	208.21	48.78	40.79	99.85	23.72	1114.42	15.0023	210.2	1.0723	20.6	0.2124	0.2494	0.9554	0.24	1.33	1.9	15.39	0.0402
11939.580078	38.34	78.11	208.21	48.78	40.79	99.85	23.72	1118.2	15.0534	214	1.07	20.879999	0.2124	0.2494	0.9554	0.23	1.35	1.92	15.04	0.04
11867.370117	38.12	77.42	208.21	48.78	40.79	99.39	23.72	1108.86	14.9039	222.9	1.0743	21.290001	0.2124	0.2494	0.9554	0.23	1.41	1.99	15.79	0.04
11723.580078	37.68	77.42	208.21	48.78	40.79	99.72	23.72	1101.77	14.7659	215.9	1.0772	21.940001	0.2124	0.2494	0.9554	0.24	1.37	1.96	15.87	0.0397
11810.849609	37.68	77.84	208.21	48.78	40.79	99.72	23.62	1093.95	14.6317	214.99	1.0824	21.940001	0.2124	0.2494	0.9554	0.24	1.34	1.93	16.39	0.0399
11810.849609	37.68	77.84	208.21	48.78	40.79	99.72	23.62	1093.95	14.6317	212	1.0824	21.940001	0.2124	0.2494	0.9554	0.24	1.34	1.93	16.39	0.0397
11810.849609	37.68	77.84	208.21	48.78	40.79	99.72	23.62	1093.95	14.6317	200.13	1.0824	21.940001	0.2124	0.2494	0.9554	0.24	1.34	1.93	16.39	0.0398
12039.160156	37.68	78.55	208.21	48.78	40.58	99.72	23.62	1103.93	14.6058	212.12	1.0822	20.66	0.2124	0.2494	0.9554	0.25	1.36	1.94	16.42	0.0397
11811.660156	38.18	78.14	204.73	48.78	40.53	99.72	23.64	1103.15	14.915	210	1.0927	20.66	0.2124	0.2494	0.9554	0.24	1.39	2	16.19	0.0391
11432.719727	36.93	78.14	200.96	48.06	40.53	99.72	22.92	1091.8	14.9886	209.99	1.1002	20.66	0.2124	0.2494	0.9554	0.25	1.43	2.06	15.95	0.0388
11454.379883	36.93	78.14	200.96	48.06	39.36	99.72	22.46	1059.71	14.7579	211.99	1.1215	20.66	0.1805	0.2152	0.8523	0.24	1.43	2.05	16.76	0.0387
11454.379883	36.93	78.14	200.96	48.06	39.36	99.72	22.46	1044.41	14.3478	209	1.1215	20.66	0.1805	0.2152	0.8523	0.25	1.5	2.12	17.29	0.0383
11454.379883	36.93	78.14	200.96	48.06	39.36	99.72	22.46	1044.41	14.3478	210.96	1.1215	20.66	0.1805	0.2152	0.8523	0.25	1.5	2.12	17.29	0.0381
11454.379883	36.93	78.14	200.96	48.06	39.36	99.72	22.46	1044.41	14.3478	212.09	1.1215	20.66	0.1805	0.2152	0.8523	0.25	1.5	2.12	17.29	0.0378
11619.849609	37.04	78.14	201.32	47.66	39.36	99.72	22.46	1044.41	14.3478	215.8	1.1152	20.66	0.1805	0.2152	0.8523	0.25	1.51	2.16	17.62	0.0373
11327.679688	36.96	76	201.32	47.66	39.36	99.72	22.34	1075.834	14.7569	212	1.1117	24.18	0.1805	0.2152	0.8523	0.24	1.54	2.19	17.15	0.0368
11350.150391	36.7	76	201.32	46.55	37.99	101.76	22.34	1053.92	14.6048	208	1.123	24.18	0.1805	0.2152	0.8523	0.25	1.58	2.25	17.53	0.0366
11407.969727	36.54	76	201.32	46.55	37.72	101.76	21.38	1053.239	14.4167	211.99	1.1305	23.35	0.1805	0.2152	0.8523	0.24	1.55	2.18	17.91	0.0363
11709.730469	36.89	76	201.32	46.55	37.72	101.76	21.38	1056.194	14.5391	218.79	1.1221	20.559999	0.1805	0.2152	0.8523	0.23	1.5	2.16	15.84	0.0358
11709.730469	36.89	76	201.32	46.55	37.72	101.76	21.38	1056.194	14.5391	213	1.1221	20.559999	0.1805	0.2152	0.8523	0.23	1.5	2.16	15.84	0.0375
11709.730469	36.89	76	201.32	46.55	37.72	101.76	21.38	1056.194	14.5391	215	1.1221	20.559999	0.1805	0.2152	0.8523	0.23	1.5	2.16	15.84	0.0374
11673.349609	37.52	76.83	201.32	46.55	38.67	101.76	21.38	1065.947	14.6943	219.35	1.1142	21.16	0.1805	0.2152	0.8523	0.25	1.59	2.28	15.94	0.0371
11472.410156	36.9	76.83	201.32	46.55	38.67	101.76	21.38	1058.899	14.6298	216.9	1.1239	22.52	0.1805	0.2152	0.8523	0.25	1.58	2.28	15.63	0.0369
11351.459961	37.12	76.83	201.32	46.55	38.67	101.76	21.38	1068.049	14.8356	214.4	1.1221	22.52	0.1805	0.2152	0.8523	0.24	1.57	2.27	15.93	0.0365
11559.820312	37.12	76.83	201.32	46.55	38.67	101.76	21.38	1074.844	15.2191	210.5	1.1419	21.35	0.1805	0.2152	0.8523	0.23	1.51	2.23	16.21	0.0364
11447.030273	37.12	76.22	201.32	46.55	38.67	101.76	21.38	1073.557	15.1942	210.5	1.1328	21.67	0.1805	0.2152	0.8523	0.23	1.46	2.14	15.48	0.0368
11447.030273	37.12	76.22	201.32	46.55	38.67	101.76	21.38	1073.557	15.1942	206.01	1.1328	21.67	0.1805	0.2152	0.8523	0.23	1.46	2.14	15.48	0.0375
11447.030273	37.12	76.22	201.32	46.55	38.67	101.76	21.38	1073.557	15.1942	205.01	1.1328	21.67	0.1805	0.2152	0.8523	0.23	1.46	2.14	15.48	0.0376
11594.280273	37.08	76.22	199.35	46.55	38.67	101.76	21.38	1078.544	15.5032	211.9	1.1389	20.74	0.1805	0.2152	0.8523	0.22	1.54	2.23	15.81	0.0375
11853.330078	37.91	77.5	199.35	46.55	38.67	101.76	21.38	1088.595	15.5205	206.2	1.118	20.030001	0.1805	0.2152	0.8523	0.23	1.6	2.27	15.88	0.0375
11848.469727	38.04	77.5	199.35	46.55	38.67	101.76	22.77	1090.197	15.3867	213	1.1118	19.969999	0.1805	0.2152	0.8523	0.23	1.57	2.26	15.25	0.0377
11864.589844	38.32	77.5	199.35	48.25	38.67	101.76	22.77	1082.392	15.3887	212.33	1.1133	19.809999	0.1805	0.2152	0.8523	0.22	1.53	2.19	14.62	0.0384
11815.009766	38.22	77.5	199.35	48.25	38.67	101.76	22.77	1092.6	15.4224	212.01	1.1164	19.790001	0.1805	0.2152	0.8523	0.23	1.57	2.21	14.19	0.0391
11815.009766	38.22	77.5	199.35	48.25	38.67	101.76	22.77	1092.6	15.4224	215	1.1164	19.790001	0.1805	0.2152	0.8523	0.23	1.57	2.21	14.19	0.0393
11815.009766	38.22	77.5	199.35	48.25	38.67	101.76	22.77	1092.6	15.4224	216.9	1.1164	19.790001	0.1805	0.2152	0.8523	0.23	1.57	2.21	14.19	0.0393
11815.009766	38.22	77.5	199.35	48.25	38.67	101.76	22.77	1092.6	15.4224	212	1.0978	19.790001	0.1805	0.2152	0.8523	0.23	1.57	2.21	14.19	0.039
11625.129883	38	77.88	209.05	48.25	38.67	99.73	22.77	1087.298	15.3952	215	1.0926	19.790001	0.1805	0.2152	0.8523	0.24	1.54	2.14	15.22	0.0392
11771.129883	38.21	77.88	209.05	48.25	38.67	99.73	22.77	1092.144	15.3055	217	1.0863	20.32	0.1805	0.2152	0.8523	0.27	1.53	2.14	14.08	0.0392
11677.570312	38.12	77.88	209.05	48.25	38.67	99.73	22.77	1087.805	15.2608	217.9	1.0896	21.01	0.1805	0.2152	0.8523	0.26	1.51	2.13	14.51	0.0393
11413.820312	37.16	77.72	206.67	48.25	38.25	99.73	22.77	1082.648	15.214	216.9	1.097	22.809999	0.1805	0.2152	0.8523	0.26	1.49	2.12	13.99	0.0388
11413.820312	37.16	77.72	206.67	48.25	38.25	99.73	22.77	1082.648	15.214	215.5	1.097	22.809999	0.1805	0.2152	0.8523	0.26	1.49	2.12	13.99	0.0387
11413.820312	37.16	77.72	206.67	48.25	38.25	99.73	22.77	1082.648	15.214	212.66	1.097	22.809999	0.1654	0.4072	1.3351	0.26	1.49	2.12	13.99	0.0399
11436.049805	37.31	77.72	206.67	48.25	38.25	98.58	22.77	1097.628	15.2051	208.9	1.0944	23.540001	0.1654	0.4072	1.3351	0.26	1.55	2.19	14.88	0.0396
11328.799805	37.31	77.72	207.41	48.25	37.84	98.58	22.77	1070.952	15.1515	206.95	1.1029	23.92	0.1654	0.4072	1.3351	0.26	1.61	2.27	14.86	0.0395
11419.620117	37.58	77.72	207.41	48.25	37.84	98.58	22.77	1059.331	14.9254	208.4	1.1134	23.030001	0.1654	0.4072	1.3351	0.26	1.69	2.38	15.15	0.0394
11340.599609	37.18	77.72	207.41	48.25	37.84	94.53	22.77	1042.137	14.5059	206.65	1.1317	23.15	0.1654	0.4072	1.3351	0.27	1.65	2.31	16.01	0.0391
11197.150391	36.61	77.72	207.41	48.25	37.84	94.53	22.77	1050.277	14.3901	201	1.1218	23.49	0.1654	0.4072	1.3351	0.29	1.75	2.41	15.12	0.0389
11197.150391	36.61	77.72	207.41	48.25	37.84	94.53	22.77	1050.277	14.3901	203	1.1218	23.49	0.1654	0.4072	1.3351	0.29	1.75	2.41	15.12	0.0382
11197.150391	36.61	77.72	207.41	48.25	37.84	94.53	22.77	1050.277	14.3901	199.9	1.1218	23.49	0.1654	0.4072	1.3351	0.29	1.75	2.41	15.12	0.0381
11064.919922	36.06	73.83	202.37	48.25	37.84	94.53	22.77	1047.564	14.4308	204.85	1.1162	23.65	0.1654	0.4072	1.3351	0.27	1.72	2.39	15.14	0.038
11001.290039	35.58	73.83	202.37	48.25	37.84	94.53	21.08	1046.345	14.3136	201	1.1249	23.65	0.1654	0.4072	1.3351	0.27	1.74	2.42	14.83	0.0381
11265.389648	36.8	73.83	202.37	48.25	36.04	96	21.2	1049.865	14.2832	203	1.1279	23.65	0.1654	0.4072	1.3351	0.28	1.8	2.5	14.37	0.0382
11332.780273	37	73.83	202.37	48.25	36.04	96	21.28	1049.842	14.0854	205.9	1.1232	21.950001	0.1654	0.4072	1.3351	0.28	1.74	2.39	14.3	0.0387
11196.490234	37	75.3	202.37	48.25	36.04	96	21.28	1053.86	14.2423	205.9	1.122	21.950001	0.1654	0.4072	1.3351	0.28	1.75	2.39	13.99	0.0393
11196.490234	37	75.3	202.37	48.25	36.04	96	21.28	1053.86	14.2423	206.2	1.122	21.950001	0.1654	0.4072	1.3351	0.28	1.75	2.39	13.99	0.0393
11196.490234	37	75.3	202.37	48.25	36.04	96	21.28	1053.86	14.2423	206.95	1.122	21.950001	0.1654	0.4072	1.3351	0.28	1.75	2.39	13.99	0.0396
10984.969727	35.82	73.69	202.37	48.25	35.96	96	21.28	1051.208	14.2017	208	1.1218	24.77	0.1654	0.4072	1.3351	0.28	1.71	2.36	14.34	0.0393
11044.009766	35.5	73.69	202.37	48.25	35.96	96	21.28	1046.842	14.2502	217.25	1.1215	24.77	0.1654	0.4072	1.3351	0.28	1.68	2.32	14.36	0.039
10978.009766	35.48	73.69	202.37	48.25	35.96	96	21.28	1045.67	14.1981	216	1.1279	25.379999	0.1654	0.4072	1.3351	0.27	1.63	2.32	13.58	0.0388
11100.299805	36.44	73.31	199.64	48.25	35.96	96	21.28	1054.301	14.2494	219.4	1.1404	24.34	0.1654	0.4072	1.3351	0.26	1.65	2.35	13.53	0.0384
11040.099609	36.1	73.31	199.64	48.25	35.87	96	21.28	1060.732	14.2693	215.4	1.1299	25.41	0.1654	0.4072	1.3351	0.25	1.59	2.26	13.26	0.0383
11040.099609	36.1	73.31	199.64	48.25	35.87	96	21.28	1060.732	14.2693	215.99	1.1299	25.41	0.1654	0.4072	1.3351	0.25	1.59	2.26	13.26	0.0377
11040.099609	36.1	73.31	199.64	48.25	35.87	96	21.28	1060.732	14.2693	213.9	1.1299	25.41	0.1654	0.4072	1.3351	0.25	1.59	2.26	13.26	0.0384
11460.5	37.19	75.32	199.8	48.25	35.9	96	21.28	1043.161	14.2719	212.21	1.1345	25.41	0.1654	0.4072	1.3351	0.27	1.68	2.37	13.85	0.0383
11542.540039	37.94	75.32	199.8	48.25	36.94	96	21.28	1055.603	14.2195	218.3	1.1204	25.41	0.1654	0.4072	1.3351	0.3	1.71	2.42	13.89	0.0382
11471.259766	37.68	75.32	199.8	48.25	36.94	96	21.28	1049.256	14.2678	216.5	1.1213	25.41	0.1654	0.4072	1.3351	0.3	1.69	2.38	13.83	0.038
11473.129883	37.76	75.32	199.8	48.25	36.88	96	21.28	1048.319	14.0829	216.12	1.1206	23.01	0.1654	0.4072	1.3351	0.29	1.7	2.4	13.12	0.0385
11492.429688	37.72	75.32	202.3	46.92	36.39	96	21.5	1045.836	14.1339	211.5	1.1202	23.01	0.1654	0.4072	1.3351	0.29	1.75	2.49	13.22	0.039
11492.429688	37.72	75.32	202.3	46.92	36.39	96	21.5	1045.836	14.1339	222.5	1.1202	23.01	0.1654	0.4072	1.3351	0.29	1.75	2.49	13.22	0.0388
11492.429688	37.72	75.32	202.3	46.92	36.39	96	21.5	1045.836	14.1339	224.8	1.1202	23.01	0.1654	0.4072	1.3351	0.29	1.75	2.49	13.22	0.0385
11083.200195	37.72	75.32	201.98	46.92	36.39	96	21.5	1056.651	14.2279	231	1.1133	27.059999	0.1654	0.4072	1.3351	0.27	1.62	2.33	14.5	0.0384
10944.969727	35.7	75.32	201.98	46.92	36.39	96	21.16	1046.19	14.0442	237	1.1189	27.059999	0.163	0.6253	1.6688	0.28	1.63	2.35	15.34	0.0379
11180.5	36.65	73.99	200.79	46.92	36.39	96	21.16	1055.152	14.0646	235	1.11	27.059999	0.163	0.6253	1.6688	0.28	1.7	2.43	14.86	0.0377
11099.349609	36.65	74.49	200.79	46.92	36.39	96	21.16	1050.295	14.1012	232	1.1066	27.09	0.163	0.6253	1.6688	0.26	1.64	2.4	14.42	0.0376
11058.389648	36.65	73.66	200.79	46.92	36.39	96	21.16	1052.207	14.0812	231.85	1.1096	27.09	0.163	0.6253	1.6688	0.26	1.64	2.4	14.42	0.0377
11058.389648	36.65	73.66	200.79	46.92	36.39	96	21.16	1052.207	14.0812	234	1.1096	27.09	0.163	0.6253	1.6688	0.26	1.64	2.4	14.42	0.0375
11058.389648	36.65	73.66	200.79	46.92	36.39	96	21.16	1052.207	14.0812	246.5	1.1096	27.09	0.163	0.6253	1.6688	0.26	1.64	2.4	14.42	0.0375
10890.629883	34.78	73.08	200.79	46.92	35.67	96	21.16	1055.729	14.1252	251	1.1008	26.639999	0.163	0.6253	1.6688	0.26	1.56	2.3	14.25	0.0375
10676.780273	34.72	72	203.65	46.92	35.21	96	21.16	1056.225	14.2103	247	1.0931	26.639999	0.163	0.6253	1.6688	0.25	1.55	2.27	15.23	0.0375
10747.299805	34.7	72	201.52	46.92	33.98	96	21.55	1050.365	13.6112	246.99	1.1024	26.639999	0.163	0.6253	1.6688	0.24	1.5	2.22	15.78	0.038
10996.410156	34.88	73.05	201.52	46.92	33.98	90.03	21.69	1052.239	13.9337	248.6	1.1054	26.639999	0.163	0.6253	1.6688	0.25	1.58	2.32	15.47	0.038
11315.629883	36.78	73.05	201.52	46.92	33.98	90.03	21.69	1036.153	13.7983	260	1.1185	26.639999	0.163	0.6253	1.6688	0.28	1.68	2.42	14.42	0.038
11315.629883	36.78	73.05	201.52	46.92	33.98	90.03	21.69	1036.153	13.7983	263	1.1185	26.639999	0.163	0.6253	1.6688	0.28	1.68	2.42	14.42	0.0382
11315.629883	36.78	73.05	201.52	46.92	33.98	90.03	21.69	1036.153	13.7983	279.9	1.1185	26.639999	0.163	0.6253	1.6688	0.28	1.68	2.42	14.42	0.0386
11484.379883	37.45	76.08	201.52	45.86	33.98	90.03	21.69	1044.297	13.9617	266.66	1.1049	20.73	0.163	0.6253	1.6688	0.28	1.71	2.44	13.43	0.0385
11516.900391	37.7	76.08	201.52	45.86	35.52	90.03	21.69	1048.75	13.8556	264.5	1.1031	20.34	0.163	0.6253	1.6688	0.27	1.67	2.41	13.25	0.0382
11539.660156	37.76	76.08	201.52	45.86	35.52	90.03	21.69	1047.041	13.8967	261.5	1.1009	19.51	0.163	0.6253	1.6688	0.28	1.63	2.36	14.35	0.0379
11716.759766	38.46	76.08	208.05	45.86	35.52	90.03	21.69	1048.658	13.7123	260	1.0867	18.360001	0.163	0.6253	1.6688	0.29	1.66	2.36	14.05	0.0384
11673.419922	38.46	76.08	208.05	45.86	35.52	90.03	21.69	1044.296	13.7934	257.49	1.0889	17.969999	0.163	0.6253	1.6688	0.29	1.67	2.34	16.32	0.0386
11673.419922	38.46	76.08	208.05	45.86	35.52	90.03	21.69	1044.296	13.7934	257	1.0889	17.969999	0.163	0.6253	1.6688	0.29	1.67	2.34	16.32	0.0387
11673.419922	38.46	76.08	208.05	45.86	35.52	90.03	21.69	1044.296	13.7934	255	1.0889	17.969999	0.163	0.6253	1.6688	0.29	1.67	2.34	16.32	0.0388
11735.719727	38.6	76.08	208.05	45.86	36.11	90.03	21.69	1018.299	13.6913	257	1.0852	17.33	0.163	0.6253	1.6688	0.31	1.72	2.38	19.73	0.0395
11604.799805	38.6	76.08	208.05	45.86	36.11	89.58	21.69	1014.358	13.5845	255	1.0867	17.49	0.163	0.6253	1.6688	0.34	1.69	2.35	19.56	0.0395
11520.669922	38.6	77.03	208.05	45.86	36.11	89.25	21.69	999.495	13.5286	255	1.0902	17.84	0.163	0.6253	1.6688	0.34	1.69	2.33	19.59	0.0401
11512.110352	37.8	76.11	208.05	45.86	36.11	89.25	21.69	998.135	13.5334	256.9	1.0999	17.48	0.163	0.6253	1.6688	0.33	1.65	2.28	19.39	0.0413
11347.450195	37.39	76.11	208.05	45.86	36.11	89.25	21.69	985.772	13.2256	266	1.0939	18.58	0.163	0.6253	1.6688	0.32	1.64	2.27	19.27	0.0426
11347.450195	37.39	76.11	208.05	45.86	36.11	89.25	21.69	985.772	13.2256	266.8	1.0939	18.58	0.163	0.6253	1.6688	0.32	1.64	2.27	19.27	0.043
11347.450195	37.39	76.11	208.05	45.86	36.11	89.25	21.69	985.772	13.2256	269.95	1.0939	18.58	0.163	0.6253	1.6688	0.32	1.64	2.27	19.27	0.0437
11056.400391	36.84	76.11	208.05	45.86	36.11	86.15	21.85	990.589	13.2737	267.8	1.1058	20.780001	0.163	0.6253	1.6688	0.32	1.58	2.23	20.06	0.0435
11173.910156	36.88	74.76	208.05	45.86	36.11	84.6	21.85	991.857	13.1775	272	1.1025	19.65	0.163	0.6253	1.6688	0.32	1.61	2.26	18.4	0.0417
11211.849609	36.88	74.76	208.05	45.86	36.11	84.6	22.04	988.082	13.2145	266	1.103	19.299999	0.163	0.6253	1.6688	0.33	1.62	2.29	17.22	0.0408
11257.150391	37.34	76.25	208.05	45.86	34.18	84.6	22.04	994.786	13.3564	268	1.0955	19.299999	0.163	0.6253	1.6688	0.36	1.62	2.28	17.07	0.041
11308.990234	37.46	76.25	208.05	45.86	34.18	84.6	22.04	990.174	13.2617	262	1.0967	19.299999	0.1673	0.535	1.5298	0.33	1.54	2.2	16.79	0.0409
11308.990234	37.46	76.25	208.05	45.86	34.18	84.6	22.04	990.174	13.2617	256	1.0967	19.299999	0.1673	0.535	1.5298	0.33	1.54	2.2	16.79	0.0405
11308.990234	37.46	76.25	208.05	45.86	34.18	84.6	22.04	990.174	13.2617	261	1.0967	19.299999	0.1673	0.535	1.5298	0.33	1.54	2.2	16.79	0.0434
11443.719727	37.72	76.25	206.76	45.86	34.18	84.6	22.04	995.396	13.4398	263.45	1.0951	17.6	0.1673	0.535	1.5298	0.33	1.52	2.16	17.58	0.044
11456.070312	37.81	76.78	206.76	45.86	34.18	83.71	22.04	994.393	13.2471	262.99	1.0973	17.09	0.1673	0.535	1.5298	0.37	1.6	2.23	17.24	0.0433
11636.299805	38.25	76.78	208.26	45.86	34.18	83.71	22.04	997.793	13.3591	261.5	1.0883	16.709999	0.1673	0.535	1.5298	0.38	1.65	2.28	17.74	0.0429
11585.099609	38.09	76.78	208.26	45.86	34.18	83.71	21.97	998.397	13.3645	259	1.0885	17.16	0.1673	0.535	1.5298	0.35	1.62	2.23	17.25	0.0432
11490.830078	38.2	76.78	208.26	45.86	34.18	83.71	21.97	1005.471	13.4974	253	1.0941	17.16	0.1673	0.535	1.5298	0.38	1.59	2.18	16.59	0.0442
11490.830078	38.2	76.78	208.26	45.86	34.18	83.71	21.97	1005.471	13.4974	249.98	1.0941	17.16	0.1673	0.535	1.5298	0.38	1.59	2.18	16.59	0.045
11490.830078	38.2	76.78	208.26	45.86	34.18	83.71	21.97	1005.471	13.4974	242	1.0941	17.16	0.1673	0.535	1.5298	0.38	1.59	2.18	16.59	0.0454
11604.780273	38.33	76.78	208.26	45.86	34.18	83.76	21.97	999.863	13.6139	248.9	1.096	17.07	0.1673	0.535	1.5298	0.4	1.62	2.24	16.41	0.045
11293.650391	37.58	76.78	202.89	45.86	34.18	83.76	21.97	1001.536	13.8766	248.88	1.1055	18.879999	0.1673	0.535	1.5298	0.37	1.53	2.15	16.53	0.0433
10924.610352	37.58	73.71	202.89	45.86	34.18	83.76	21.97	1000.85	13.7832	245	1.1155	21.620001	0.1673	0.535	1.5298	0.37	1.52	2.14	16.8	0.0426
11014.629883	36.99	73.71	202.89	45.86	34.18	83.76	21.97	1004.543	13.7897	236.16	1.1109	20.74	0.1673	0.535	1.5298	0.4	1.58	2.19	15.84	0.0423
10985.139648	36.72	73.71	200.86	45.4	34.18	83.76	21.97	1003.59	13.9175	244.5	1.1171	20.76	0.1673	0.535	1.5298	0.41	1.61	2.2	15.59	0.0424
10985.139648	36.72	73.71	200.86	45.4	34.18	83.76	21.97	1003.59	13.9175	238	1.1171	20.76	0.1673	0.535	1.5298	0.41	1.61	2.2	15.59	0.0414
10985.139648	36.72	73.71	200.86	45.4	34.18	83.76	21.97	1003.59	13.9175	235.02	1.1171	20.76	0.1673	0.535	1.5298	0.41	1.61	2.2	15.59	0.0409
10940.330078	36.6	73.71	200.86	45.4	34.18	83.76	21.97	1009.383	13.738	232.2	1.11	21.18	0.1673	0.535	1.5298	0.4	1.58	2.16	15.4	0.0406
10915.919922	36.6	73.71	200.86	45.43	34.18	83.76	21.97	1006.794	13.7679	230	1.106	21.25	0.1673	0.535	1.5298	0.42	1.6	2.2	15.84	0.0407
10682.150391	36.14	73.71	203.62	45.43	34.18	83.76	21.97	1020.618	13.442	211	1.1041	22.200001	0.1673	0.535	1.5298	0.39	1.5	2.12	15.96	0.0413
10432.19043	36.14	72.5	203.62	44.46	30.78	83.76	21.97	1027.714	13.8702	213.09	1.1183	23.58	0.1673	0.535	1.5298	0.39	1.5	2.09	16.87	0.0414
10124.519531	34.8	69	186.96	44.46	30.78	80.03	21.97	1023.768	13.6935	212.25	1.1281	23.58	0.1673	0.535	1.5298	0.36	1.44	2.05	18.48	0.0419
10124.519531	34.8	69	186.96	44.46	30.78	80.03	21.97	1023.768	13.6935	200	1.1281	23.58	0.1673	0.535	1.5298	0.36	1.44	2.05	18.48	0.0423
10124.519531	34.8	69	186.96	44.46	30.78	80.03	21.97	1023.768	13.6935	203.99	1.1281	23.58	0.1673	0.535	1.5298	0.36	1.44	2.05	18.48	0.0426
9648.429688	31.98	66.86	180.32	44.46	30.78	80.03	21.97	999.957	12.9981	184	1.1497	23.58	0.1673	0.535	1.5298	0.33	1.39	2.01	21.26	0.0428
10128.120117	33.46	66.55	182.94	40.52	29.28	80.03	21.97	992.107	12.9293	201.13	1.1506	27.93	0.1673	0.535	1.5298	0.36	1.48	2.12	20.2	0.0427
9997.429688	33.12	66.55	182.94	40.52	28.98	80.03	19.84	984.712	12.6127	206.25	1.1402	27.93	0.1673	0.535	1.5298	0.35	1.49	2.18	20.03	0.0429
10315.620117	34.21	69.36	188.61	42.58	28.98	80.03	20.46	993.96	12.6417	207	1.1284	27.93	0.1673	0.535	1.5298	0.36	1.49	2.18	18.74	0.043
10298.530273	34.12	69.36	188.61	42.58	30.97	80.03	20.46	1010.551	12.8026	211.95	1.1268	27.93	0.1673	0.535	1.5298	0.38	1.52	2.19	18.8	0.0431
10298.530273	34.12	69.36	188.61	42.58	30.97	80.03	20.46	1010.551	12.8026	211.5	1.1268	27.93	0.1673	0.535	1.5298	0.38	1.52	2.19	18.8	0.0429
10298.530273	34.12	69.36	188.61	42.58	30.97	80.03	20.46	1010.551	12.8026	210	1.1268	27.93	0.1673	0.535	1.5298	0.38	1.52	2.19	18.8	0.0433
10259.459961	33.92	69.71	188.61	42.58	30.97	80.03	20.46	1010.551	12.8026	206.5	1.1215	27.93	0.1613	0.4512	1.3932	0.39	1.54	2.21	19.34	0.0439
10015.570312	33.26	69.71	188.61	40.72	30.97	80.03	19.86	1013.351	13.0246	206.85	1.1236	29.940001	0.1613	0.4512	1.3932	0.39	1.49	2.17	19.65	0.044
10048.049805	33.26	68.18	183.73	40.72	30.97	80.6	19.86	1012.233	12.9238	210	1.1255	28.959999	0.1613	0.4512	1.3932	0.37	1.52	2.2	18.65	0.0439
10317.839844	33.26	69.1	187.82	40.72	30.97	80.6	19.86	1013.705	13.1058	210	1.1229	25.879999	0.1613	0.4512	1.3932	0.36	1.49	2.18	18.57	0.0444
10038.040039	33.7	68.5	188.24	40.72	30.97	80.6	19.86	1005.937	13.1903	209.9	1.1138	25.879999	0.1613	0.4512	1.3932	0.36	1.47	2.13	18.62	0.0441
10038.040039	33.7	68.5	188.24	40.72	30.97	80.6	19.86	1005.937	13.1903	214	1.1138	25.879999	0.1613	0.4512	1.3932	0.36	1.47	2.13	18.62	0.0439
10038.040039	33.7	68.5	188.24	40.72	30.97	80.6	19.86	1005.937	13.1903	219	1.1138	25.879999	0.1613	0.4512	1.3932	0.36	1.47	2.13	18.62	0.044
10108.610352	33.55	68.44	188.24	40.72	30.97	80.6	19.86	1003.451	13.0392	221.95	1.1146	29.370001	0.1613	0.4512	1.3932	0.36	1.47	2.13	18.62	0.0441
10271.360352	33.94	68.44	188.24	40.72	30.97	80.44	19.86	1003.176	13.1128	223	1.1162	27.280001	0.1613	0.4512	1.3932	0.39	1.53	2.2	18.31	0.0444
10303.120117	34.62	70.67	188.24	40.72	30.49	80.44	19.86	996.006	13.2454	216	1.1139	26.030001	0.1613	0.4512	1.3932	0.39	1.53	2.21	17.8	0.0452
10210.44043	34.62	70.67	188.24	40.72	30.49	80.44	19.86	989.124	13.1499	214.59	1.1185	27.450001	0.1613	0.4512	1.3932	0.39	1.55	2.23	16.89	0.0459
10123.55957	34.62	70.67	188.24	41.11	30.49	80.44	19.86	974.147	12.937	212.1	1.1268	27.42	0.1613	0.4512	1.3932	0.4	1.52	2.2	17.38	0.048
10123.55957	34.62	70.67	188.24	41.11	30.49	80.44	19.86	974.147	12.937	211	1.1268	27.42	0.1613	0.4512	1.3932	0.4	1.52	2.2	17.38	0.0468
10123.55957	34.62	70.67	188.24	41.11	30.49	80.44	19.86	974.147	12.937	204	1.1268	27.42	0.1613	0.4512	1.3932	0.4	1.52	2.2	17.38	0.0469
10131.740234	34.62	70.67	188.24	41.11	30.49	80.44	19.86	976.446	12.7462	208.89	1.1305	27.18	0.1613	0.4512	1.3932	0.4	1.51	2.18	17.63	0.0458
10188.129883	33.49	70.67	188.24	41.11	30.49	80.44	19.94	978.068	12.698	207	1.132	25.83	0.1613	0.4512	1.3932	0.47	1.61	2.28	17.69	0.0454
10227.209961	34.02	70.67	188.24	41.11	30.4	80.44	19.94	990.736	12.9334	205.38	1.1228	24.27	0.1613	0.4512	1.3932	0.46	1.62	2.3	18.05	0.0465
10229.580078	34.02	69.7	188.24	41.11	30.4	80.44	19.94	987.147	13.0389	205.9	1.1312	23.790001	0.1613	0.4512	1.3932	0.39	1.5	2.21	16.63	0.0464
9916.160156	34.02	68.24	188.24	41.11	30.4	80.44	19.94	1000.57	13.3578	206	1.1419	24.639999	0.1613	0.4512	1.3932	0.35	1.45	2.13	16.46	0.0466
9916.160156	34.02	68.24	188.24	41.11	30.4	80.44	19.94	1000.57	13.3578	203.99	1.1419	24.639999	0.1613	0.4512	1.3932	0.35	1.45	2.13	16.46	0.0469
9916.160156	34.02	68.24	188.24	41.11	30.4	80.44	19.94	1000.57	13.3578	206.5	1.1419	24.639999	0.1613	0.4512	1.3932	0.35	1.45	2.13	16.46	0.0473
9948.509766	33.14	68.63	186.53	40.86	30.4	80.44	19.94	1007.602	13.4563	206	1.125	23.610001	0.1613	0.4512	1.3932	0.36	1.51	2.2	16.59	0.0474
9570.660156	32.26	67.72	190.28	40.86	30.4	79.8	20.7	1007.627	13.3883	209.39	1.1155	26.93	0.1613	0.4512	1.3932	0.35	1.44	2.14	17.35	0.0473
9612.620117	32.41	66.91	190.28	40.86	30.4	79.8	20.7	1011.579	13.2593	209	1.115	26.280001	0.1613	0.4512	1.3932	0.34	1.47	2.16	17.34	0.0468
9427.639648	32.06	65.94	186.53	40.86	30.4	79.8	20.7	1025.63	13.1689	205	1.1241	28.290001	0.1613	0.4512	1.3932	0.32	1.44	2.13	19.26	0.0473
9688.530273	32.06	67.61	186.53	40.86	30.4	79.8	20.7	1025.764	13.4235	213.49	1.1151	25.98	0.1613	0.4512	1.3932	0.35	1.48	2.17	18.33	0.0477
9688.530273	32.06	67.61	186.53	40.86	30.4	79.8	20.7	1025.764	13.4235	211	1.1151	25.98	0.1613	0.4512	1.3932	0.35	1.48	2.17	18.33	0.0479
9688.530273	32.06	67.61	186.53	40.86	30.4	79.8	20.7	1025.764	13.4235	207.1	1.1151	25.98	0.1613	0.4512	1.3932	0.35	1.48	2.17	18.33	0.0477
9483.549805	32.31	66.9	181.81	40.86	30.4	79.8	20.7	1012.442	13.152	214	1.117	28.190001	0.1613	0.4512	1.3932	0.34	1.42	2.1	18.28	0.0476
9450.400391	32.31	65.48	180.07	40.86	28.72	79.8	20.7	1007.924	12.9583	214	1.1204	28.190001	0.1613	0.4512	1.3932	0.33	1.37	2.05	17.67	0.0474
9660.44043	32.31	67.11	183.44	40.86	28.72	78.98	20.7	996.021	13.0629	214.5	1.1203	27.5	0.1536	0.4005	1.4823	0.33	1.37	2.06	17.47	0.0481
9509.25	32.12	67.11	185.86	40.86	30.28	78.98	20.82	999.196	13.0517	214	1.1153	28.290001	0.1536	0.4005	1.4823	0.31	1.37	2.05	16.9	0.0487
9553.070312	32.54	67.11	185.86	40.86	30.28	77.98	20.37	1009.469	12.9289	213	1.116	27.74	0.1536	0.4005	1.4823	0.25	1.29	1.99	16.71	0.0503
9553.070312	32.54	67.11	185.86	40.86	30.28	77.98	20.37	1009.469	12.9289	211.5	1.116	27.74	0.1536	0.4005	1.4823	0.25	1.29	1.99	16.71	0.051
9553.070312	32.54	67.11	185.86	40.86	30.28	77.98	20.37	1009.469	12.9289	214	1.116	27.74	0.1536	0.4005	1.4823	0.25	1.29	1.99	16.71	0.0521
9814.790039	33.32	68.7	188.82	40.86	30.28	77.98	20.9	1016.273	13.5616	216.59	1.1236	25.66	0.1536	0.4005	1.4823	0.26	1.35	2.07	16.68	0.0522
9902.830078	33.6	69.36	188.82	40.86	30.28	77.98	20.9	1022.955	13.9699	219	1.1224	23.690001	0.1536	0.4005	1.4823	0.26	1.34	2.05	17.54	0.0538
9970.400391	33.98	70.03	190.12	40.86	30.28	81.55	21.15	1018.418	14.056	218	1.1266	23.469999	0.1536	0.4005	1.4823	0.27	1.37	2.08	17.13	0.0553
9993.070312	33.7	69.84	190.12	40.86	31.77	80.47	21.15	1013.829	13.8227	215.9	1.1254	22.51	0.1536	0.4005	1.4823	0.27	1.4	2.12	16.91	0.0555
10096.599609	33.96	69.7	190.12	42.62	32.02	82.65	21.15	1014.269	14.0683	215.1	1.1362	21.219999	0.1536	0.4005	1.4823	0.28	1.41	2.12	16.92	0.0555
10096.599609	33.96	69.7	190.12	42.62	32.02	82.65	21.15	1014.269	14.0683	216.9	1.1362	21.219999	0.1536	0.4005	1.4823	0.28	1.41	2.12	16.92	0.0556
10096.599609	33.96	69.7	190.12	42.62	32.02	82.65	21.15	1014.269	14.0683	217	1.1362	21.219999	0.1536	0.4005	1.4823	0.28	1.41	2.12	16.92	0.0546
10119.830078	33.87	69.6	190.95	42.62	32.11	83.11	21.15	1024.493	14.0394	219.77	1.1373	20.459999	0.1536	0.4005	1.4823	0.28	1.41	2.12	16.24	0.0535
10032.820312	33.64	68.97	190.95	42.2	32.11	80.5	21.15	1024.352	13.717	221	1.1374	21.1	0.1536	0.4005	1.4823	0.27	1.36	2.06	17.14	0.0525
9915.849609	33.46	68.94	189.48	42.2	31.34	80.26	21.15	1027.978	13.8826	226.2	1.141	21.92	0.1536	0.4005	1.4823	0.21	1.29	1.99	18.35	0.0526
10064.799805	33.87	69.58	189.48	42.2	31.34	80.26	21.15	1040.413	14.152	224	1.1439	21.280001	0.1536	0.4005	1.4823	0.22	1.34	2.04	17.9	0.0518
10104.429688	34.08	69.58	192.6	42.2	31.34	81.1	21.15	1038.521	14.1371	227.1	1.136	20.860001	0.1536	0.4005	1.4823	0.23	1.36	2.04	16.59	0.0516
10104.429688	34.08	69.58	192.6	42.2	31.34	81.1	21.15	1038.521	14.1371	226	1.136	20.860001	0.1536	0.4005	1.4823	0.23	1.36	2.04	16.59	0.0518
10104.429688	34.08	69.58	192.6	42.2	31.34	81.1	21.15	1038.521	14.1371	232.64	1.136	20.860001	0.1536	0.4005	1.4823	0.23	1.36	2.04	16.59	0.0522
10164.30957	34.14	70.27	192.6	42.44	31.34	80.72	21.35	1037.927	14.0094	233.8	1.1333	20.440001	0.1536	0.4005	1.4823	0.23	1.35	2.04	16.94	0.052
10147.679688	34.33	69.86	192.6	42.44	31.34	80.72	21.35	1037.757	13.9343	238.7	1.1373	19.85	0.1536	0.4005	1.4823	0.23	1.4	2.08	16.79	0.0515
10238.099609	34.32	69.86	193.96	42.44	31.34	80.72	21.66	1028.237	13.8644	233.25	1.1354	19.530001	0.1536	0.4005	1.4823	0.23	1.37	2.04	15.9	0.0511
10491.969727	35.09	70.12	193.96	42.44	31.34	80.72	21.66	1044.95	13.9348	244	1.1313	18.389999	0.1536	0.4005	1.4823	0.23	1.36	2.04	15.59	0.0506
10794.540039	36	72.18	193.96	42.44	33.53	80.72	21.66	1053.957	14.4081	246	1.1084	18.77	0.1536	0.4005	1.4823	0.24	1.43	2.09	15.59	0.0509
10794.540039	36	72.18	193.96	42.44	33.53	80.72	21.66	1053.957	14.4081	245.7	1.1084	18.77	0.1536	0.4005	1.4823	0.24	1.43	2.09	15.59	0.051
10794.540039	36	72.18	193.96	42.44	33.53	80.72	21.66	1053.957	14.4081	251	1.1084	18.77	0.1536	0.4005	1.4823	0.24	1.43	2.09	15.59	0.0502
10801.339844	35.75	72.69	202.57	44.88	33.53	80.72	21.66	1056.235	14.6138	255.49	1.1011	19.540001	0.1536	0.4005	1.4823	0.25	1.41	2.07	15.78	0.0496
10692.19043	35.6	71.89	202.57	44.88	33.53	80.72	22.19	1055.696	14.2896	260	1.1061	19.870001	0.1536	0.4005	1.4823	0.29	1.38	2.05	15.3	0.0498
10831.959961	35.82	72.21	202.57	44.88	33.53	80.72	22.19	1065.198	14.4845	268.5	1.1085	19.780001	0.1536	0.4005	1.4823	0.33	1.47	2.1	15.63	0.0495
10800.839844	35.62	72.97	206.01	44.88	33.53	81.2	22.19	1048.136	14.4369	280	1.093	20.049999	0.1536	0.4005	1.4823	0.33	1.53	2.19	15.77	0.0489
10850.139648	35.62	72.72	204.56	44.88	32.29	79.9	22.19	1033.287	14.1859	288	1.1017	19.530001	0.1536	0.4005	1.4823	0.34	1.52	2.16	15.39	0.0489
10850.139648	35.62	72.72	204.56	44.88	32.29	79.9	22.19	1033.287	14.1859	271.5	1.1017	19.530001	0.1279	0.2824	1.2025	0.34	1.52	2.16	15.39	0.049
10850.139648	35.62	72.72	204.56	44.88	32.29	79.9	22.19	1033.287	14.1859	268.51	1.1017	19.530001	0.1279	0.2824	1.2025	0.34	1.52	2.16	15.39	0.0487
10950.669922	35.96	72.88	203.27	43.79	32.29	79.41	22.14	1027.826	13.9835	315	1.1032	19.75	0.1279	0.2824	1.2025	0.37	1.57	2.2	15.28	0.0478
10951.150391	35.96	72.91	207.53	43.79	32.29	79.7	22.38	1026.6	14.0201	315	1.0976	19.9	0.1279	0.2824	1.2025	0.39	1.59	2.23	17.19	0.047
10845.240234	36	72.91	207.53	44.68	33.75	79.7	22.38	1024.399	13.9654	315	1.0935	20.690001	0.1279	0.2824	1.2025	0.4	1.64	2.25	18.02	0.0471
10887.740234	35.99	73.14	207.53	44.68	33.75	79.7	22.38	1017.849	13.8077	315	1.0883	20.59	0.1279	0.2824	1.2025	0.42	1.65	2.26	17.82	0.0468
10988.030273	36.14	72.8	207.53	44.68	33.75	79.7	22.38	1013.496	13.8654	315	1.0864	20.15	0.1279	0.2824	1.2025	0.47	1.73	2.34	17.36	0.0472
10815.450195	35.72	73.17	208.5	44.68	33.75	79.7	22.38	1015.707	13.7118	315	1.0776	21.040001	0.1279	0.2824	1.2025	0.47	1.75	2.36	17.55	0.0476
10832.519531	35.87	73.17	208.5	44.68	32.62	79.7	22.38	1017.55	13.5588	315	1.0711	21.08	0.1279	0.2824	1.2025	0.51	1.72	2.32	17.36	0.0478
10907.870117	35.87	73.08	208.5	44.68	32.62	78.02	21.9	1010.187	13.4739	315	1.0716	20.440001	0.1279	0.2824	1.2025	0.51	1.72	2.32	17.89	0.0479
10782.629883	35.9	72.3	207.77	44.68	32.62	78.02	21.9	1007.738	13.4298	315	1.0726	21.280001	0.1279	0.2824	1.2025	0.51	1.73	2.32	18.47	0.0485
10708.400391	34.82	71.24	204.74	44.92	32.62	78.02	21.6	1008.697	13.3364	315	1.0764	21.709999	0.1279	0.2824	1.2025	0.5	1.67	2.28	18.29	0.0486
10713.230469	35.22	72	204.74	44.92	31.7	75.11	21.6	1012.768	13.3693	315	1.0723	21.99	0.1279	0.2824	1.2025	0.5	1.66	2.27	18.5	0.0483
10971.040039	36.1	73.51	204.74	44.92	31.7	75.94	21.6	1011.387	13.3652	315	1.067	20.620001	0.1279	0.2824	1.2025	0.5	1.66	2.25	20.17	0.048
10959.950195	35.82	73.5	204.74	44.92	31.7	75.94	21.6	1001.336	13.2865	315	1.0666	21	0.1279	0.2824	1.2025	0.49	1.69	2.27	19.4	0.0478
11085.44043	36.3	74.15	204.74	44.92	31.7	74.39	21.6	1010.265	13.2643	315	1.0687	20.559999	0.1279	0.2824	1.2025	0.49	1.68	2.24	18.04	0.0477
11119.830078	36.21	73.81	204.74	46.36	31.7	74.39	21.6	1012.187	13.3814	315	1.0688	20.030001	0.1279	0.2824	1.2025	0.49	1.7	2.26	17.26	0.0476
11092.30957	36.1	73.63	213.21	46.36	33.28	73.6	21.6	1006.062	13.1589	315	1.0631	20.34	0.1279	0.2824	1.2025	0.5	1.7	2.25	17.7	0.048
10933.990234	35.84	73.44	211.29	46.36	33	74.22	21.6	1011.369	13.2845	315	1.0651	21.629999	0.1279	0.2824	1.2025	0.52	1.66	2.24	16.72	0.0483
11169.540039	36.16	73.9	213.59	46.25	33.24	74.92	22.32	1009.5	13.2874	315	1.0586	20.84	0.1279	0.2824	1.2025	0.52	1.66	2.23	16.39	0.0484
11320.769531	36.7	74.39	213.96	46.25	33.32	75.69	22.32	1008.451	13.4621	315	1.0612	20.17	0.1279	0.2824	1.2025	0.52	1.66	2.23	16.39	0.0485
11293.759766	36.76	74.36	213.96	46.26	33.32	75.5	22.32	999.504	13.3365	315	1.058	20.360001	0.1279	0.2824	1.2025	0.5	1.64	2.22	17.16	0.0466
11382.230469	36.88	74.49	213.76	46.26	32.7	74.81	22.32	1003.734	13.3157	315	1.0579	20.73	0.0789	0.2606	1.1552	0.51	1.65	2.21	16.91	0.0467
11261.240234	36.5	74.72	213.38	46.26	33	74.17	22.32	1002.399	13.4082	315	1.06	20.889999	0.0789	0.2606	1.1552	0.51	1.59	2.15	16.62	0.0471
11190.019531	36.42	74.58	214.89	46.26	33	74.26	22.32	998.227	13.3447	315	1.0612	20.51	0.0789	0.2606	1.1552	0.52	1.63	2.18	17.36	0.0461
10789.240234	34.92	71.79	214.09	46.26	33	74.26	22.32	975.597	13.2063	315	1.0671	20.629999	0.0789	0.2606	1.1552	0.57	1.74	2.33	17.76	0.0464
10752.099609	34.88	71.52	205.6	46.26	31.47	74.26	21.57	986.157	12.974	315	1.0902	20.6	0.0789	0.2606	1.1552	0.6	1.71	2.28	15.96	0.0468
10886.089844	35.35	71.9	209.42	46.26	31.47	70.97	21.57	994.132	13.4055	315	1.0809	20.299999	0.0789	0.2606	1.1552	0.67	1.67	2.23	16.23	0.0476
10673.599609	35.2	71	209.42	46.26	31.47	70.1	21.74	986.066	13.1123	315	1.0875	21.6	0.0789	0.2606	1.1552	0.76	1.68	2.24	16.12	0.0487
10592.490234	33.92	69.83	209.42	46.26	31.47	70.1	21.74	984.831	13.0642	315	1.0941	22.25	0.0789	0.2606	1.1552	0.72	1.64	2.22	17.39	0.0494
10598.929688	34.1	70.2	209.42	46.26	31.47	69.83	21.74	977.056	12.9359	315	1.0943	22.389999	0.0789	0.2606	1.1552	0.71	1.68	2.24	17.07	0.0512
10340.05957	34.05	69.11	203.16	46.26	31.47	69.13	21	976.154	12.6903	315	1.095	23.85	0.0789	0.2606	1.1552	0.68	1.56	2.13	18.16	0.0529
10139.339844	33.35	67.89	199.82	46.26	31.47	68.64	21.1	971.445	12.4909	315	1.0983	26.49	0.0789	0.2606	1.1552	0.68	1.66	2.23	19.05	0.0519
10450.379883	33.99	69.64	199.82	46.26	29.97	68.59	21.38	968.831	12.4818	315	1.099	24.4	0.0789	0.2606	1.1552	0.69	1.71	2.28	18.09	0.0516
10469.259766	34.1	70	203.95	43.89	30.84	68.59	21.38	983.85	12.5801	315	1.0933	23.32	0.0789	0.2606	1.1552	0.7	1.75	2.3	15.41	0.0515
10738.120117	34.1	70	203.95	43.89	30.84	68.59	21.38	967.456	12.9853	315	1.0841	21.24	0.0789	0.2606	1.1552	0.69	1.73	2.24	16.06	0.0522
10608.19043	34.17	71.3	203.95	43.89	30.83	68.69	21.86	979.805	12.7585	315	1.0836	21.84	0.0789	0.2606	1.1552	0.67	1.67	2.19	15.06	0.0524
10497.769531	33.82	69	203.95	43.89	30.87	69.46	21.86	989.815	13.0695	315	1.087	22.27	0.0789	0.2606	1.1552	0.64	1.67	2.2	15.32	0.0522
10488.75	33.82	69.76	201.08	43.89	30.87	69	21.66	979.945	13.0117	315	1.0952	21.66	0.0789	0.2606	1.1552	0.66	1.71	2.24	15.17	0.0521
10727.639648	34.32	70.27	204.05	43.89	31	69	21.86	979.486	13.1095	315	1.0916	19.73	0.0789	0.2606	1.1552	0.65	1.74	2.27	14.94	0.0518
10727.639648	34.32	70.27	204.05	43.89	31	69	21.86	979.486	12.9751	315	1.0947	19.73	0.0789	0.2606	1.1552	0.64	1.73	2.25	15.02	0.0523
10727.639648	34.32	70.5	202.41	43.95	31	69.12	21.84	979.486	12.9751	315	1.0962	21.27	0.0789	0.2606	1.1552	0.66	1.73	2.24	15.02	0.0521
