 2.14748365e+009
 1.08221379e+009
 2.16362672e+009
 2.16291142e+009
 3.83673070e+009
 2.70743672e+009
 2.26546227e+009
 4.22133122e+009
 1.48148804e+009
 7.71608961e+008
 2.89640327e+008
 1.36710139e+009
 3.18040133e+009
 4.18898026e+009
 4.29094476e+009
 1.54112099e+009
 3.59634854e+009
 7.88573132e+008
 1.65025373e+009
 2.61672567e+008
 2.91288342e+009
 1.74037945e+009
 4.72482120e+007
 2.70737650e+009
 6.44946398e+008
 3.21113368e+009
 2.76649684e+009
 7.19546937e+008
 2.50951995e+009
 3.36701703e+009
 1.42009868e+009
 3.55576316e+009
 3.65417232e+009
 1.11674590e+009
 2.38953451e+009
 3.37101817e+009
 3.62590055e+009
 1.95415719e+009
 9.10292616e+008
 8.57519260e+008
 1.41867042e+009
 2.72823208e+009
 2.55034796e+009
 3.04090797e+009
 1.09939547e+009
 3.20766659e+009
 1.13088907e+009
 1.89620444e+009
 1.83052716e+009
 2.54390076e+009
 2.64309961e+009
 1.93038439e+008
 3.93909669e+009
 1.51032536e+009
 3.55633174e+009
 2.50761749e+009
 9.08299690e+007
 1.54634876e+009
 2.37199285e+009
 8.61460432e+008
 3.70176569e+009
 3.99909230e+009
 3.02927633e+009
 4.29051792e+009
 2.29472198e+009
 9.94834408e+008
 3.13034084e+009
 3.27922277e+009
 2.44136416e+009
 1.90380665e+009
 2.99527191e+009
 3.63357680e+009
 1.61031067e+009
 8.87960953e+008
 3.67124649e+009
 1.69276476e+009
 2.62618647e+009
 2.50637323e+008
 1.05673734e+009
 3.46337379e+009
 2.00972612e+009
 2.93600105e+009
 1.73745947e+009
 3.77699396e+009
 8.82745190e+007
 1.33944153e+008
 1.08881408e+009
 4.17554252e+009
 3.08516266e+009
 1.18089306e+009
 9.01734792e+008
 1.51514354e+008
 3.29770941e+009
 4.05514237e+008
 2.73065297e+009
 3.73806166e+009
 2.11856739e+009
 1.02977460e+009
 4.15391293e+009
 5.06837456e+008
 1.21282522e+009
 1.09719962e+009
 2.35710363e+009
 2.21451873e+009
 1.76284805e+009
 5.17001910e+008
 3.85879046e+009
 8.01365501e+008
 3.11519551e+009
 1.17467125e+009
 4.02362022e+009
 2.83439059e+009
 2.88803730e+009
 4.14279919e+009
 3.62838336e+009
 1.21765579e+008
 4.24239118e+009
 4.41326436e+008
 2.58054735e+008
 3.38863791e+009
 2.73770266e+009
 2.11060690e+009
 4.10988863e+009
 1.15489796e+009
 8.69256453e+008
 2.67172957e+009
 4.23328740e+008
 3.95153045e+009
 3.72022078e+009
 2.99396629e+009
 1.85098000e+009
 1.20934191e+008
 1.96577074e+009
 3.44766826e+009
 1.44717390e+009
 3.29414784e+009
 1.68232983e+009
 3.33177437e+009
 1.36967573e+009
 2.95274410e+009
 3.01313388e+009
 1.61930199e+009
 4.10427969e+009
 3.19895422e+009
 1.57092066e+009
 1.11189519e+009
 1.44109129e+009
 1.43999200e+009
 2.48474456e+009
 1.84292329e+009
 2.70568564e+009
 2.10261378e+009
 1.54454285e+009
 1.12541830e+009
 1.20569061e+009
 1.98576379e+009
 1.75331775e+009
 2.31142532e+009
 4.90298704e+008
 8.67369989e+008
 1.26325721e+008
 1.18637625e+009
 2.33018775e+009
 2.19224887e+009
 1.88513917e+009
 3.62615626e+009
 1.44074088e+009
 7.81483265e+008
 2.16597426e+009
 3.07612721e+009
 3.47886268e+009
 3.06415810e+007
 1.88871792e+009
 7.56211824e+008
 3.54239151e+009
 2.41924320e+009
 2.21294306e+009
 3.69789791e+009
 1.10741142e+009
 3.25682895e+009
 1.10245518e+009
 3.31352385e+009
 2.62773441e+009
 1.57145955e+009
 3.95300717e+009
 1.78102075e+009
 2.39866879e+009
 2.59144881e+009
 1.07125352e+009
 9.91991037e+008
 3.39590544e+009
 1.95635759e+009
 1.69552902e+009
 1.67097495e+008
 1.27383158e+009
 2.74059759e+009
 3.78249294e+009
 2.41157936e+008
 3.41740821e+008
 4.35154151e+008
 1.68586229e+009
 3.34177673e+009
 5.94599722e+008
 9.88930221e+008
 4.11912235e+009
 2.07816305e+009
 3.11294196e+009
 3.51352429e+009
 2.11718578e+009
 3.81542634e+009
 1.36597284e+009
 4.25511276e+009
 3.37455660e+009
 2.59910731e+009
 1.80045057e+009
 2.15388283e+009
 2.58066883e+009
 2.97018060e+009
 3.92271449e+009
 2.22897615e+009
 3.07816520e+007
 1.18513879e+009
 1.56107260e+009
 1.64213498e+008
 4.31520700e+006
 1.33506135e+009
 2.38614589e+009
 4.28734309e+009
 1.60717244e+009
 1.02740945e+008
 2.53748665e+009
 1.64899641e+009
 2.17860585e+009
 2.48654903e+009
 2.92559847e+009
 5.23358517e+008
 2.24542547e+009
 2.60116862e+009
 3.13562489e+009
 2.25175483e+009
 3.67024795e+009
 6.54242754e+008
 1.55755079e+009
 3.75564753e+009
 2.59874787e+009
 3.00577183e+009
 1.58348867e+009
 2.31527110e+009
 3.15271269e+009
 1.13450211e+009
 2.34681478e+009
 2.51897038e+009
 1.05436787e+009
 4.07854220e+009
 8.24122749e+008
 6.03255120e+008
 2.71845570e+009
 1.08024630e+009
 3.67524568e+008
 3.20952755e+009
 1.01789310e+009
 3.90643178e+009
 1.81486403e+009
 2.80568334e+009
 1.14029276e+008
 3.88620703e+009
 5.22194907e+008
 2.98295746e+009
 3.23688524e+008
 1.02582585e+009
 2.54484137e+009
 5.58092800e+008
 1.48878802e+009
 2.33906065e+009
 9.53796979e+008
 3.16406560e+009
 5.92327073e+008
 4.17202162e+009
 3.36929499e+008
 2.23926525e+009
 4.04092765e+009
 2.75159925e+009
 3.90394370e+009
 2.37550206e+008
 3.98168678e+009
 4.65439000e+006
 5.01632037e+008
 7.57223514e+008
 6.05028584e+008
 1.17313615e+009
 5.90621887e+008
 1.03167193e+009
 6.95974260e+007
 2.85987638e+009
 2.48462093e+009
 2.90965750e+009
 1.06487903e+008
 5.91211218e+008
 2.78115618e+009
 4.23638933e+009
 3.39730145e+009
 3.47201634e+009
 2.72478504e+009
 2.35570539e+009
 1.58072740e+009
 3.76692276e+009
 1.45701358e+009
 2.52322402e+009
 7.55241296e+008
 2.79370720e+008
 7.76083323e+008
 1.03997954e+009
 4.20345416e+009
 1.45380760e+009
 1.41253501e+009
 7.62437190e+008
 2.70849608e+009
 3.38662794e+009
 9.05772040e+007
 4.29080673e+009
 1.63934410e+009
 2.29443562e+009
 4.14369093e+009
 3.68710257e+009
 3.00066594e+009
 8.82810395e+008
 1.67601321e+009
 2.95018004e+009
 2.66713187e+009
 6.14978468e+008
 3.50142574e+009
 1.79338672e+009
 3.40918134e+009
 3.36232088e+009
 5.76325151e+008
 1.93926846e+009
 3.98715606e+008
 6.69491973e+008
 2.22920726e+009
 1.36225589e+009
 2.15882335e+008
 1.13058392e+009
 9.60037240e+008
 2.26157883e+009
 1.23620883e+009
 4.05633757e+009
 1.90952967e+009
 1.84369933e+009
 2.69034634e+009
 1.52150895e+009
 2.63023234e+008
 8.00931139e+008
 1.93584959e+009
 1.85402003e+009
 3.71854843e+008
 8.65432406e+008
 1.61467574e+009
 1.98566279e+009
 3.43519876e+009
 6.37031821e+008
 2.95632947e+009
 3.08823265e+009
 1.16356870e+009
 1.57080927e+009
 3.52519835e+009
 2.79987154e+009
 3.87848551e+009
 8.28036204e+008
 1.60813179e+009
 1.15518934e+009
 2.97863980e+007
 3.49246339e+009
 1.06076202e+009
 3.58379638e+009
 9.93010094e+008
 2.07758777e+008
 1.52418001e+009
 8.79598992e+008
 8.38109120e+008
 2.57445441e+009
 3.61365571e+009
 1.38786278e+008
 3.34675762e+009
 3.89067512e+009
 8.30767795e+008
 2.14255790e+008
 3.49163179e+009
 1.77140294e+009
 1.62499750e+009
 2.42171237e+009
 5.49836710e+007
 2.40697684e+009
 2.18639902e+009
 3.73833586e+009
 2.88303322e+009
 2.38938415e+009
 2.22814218e+009
 6.95746278e+008
 1.10039193e+009
 4.02235831e+009
 2.62162532e+009
 2.12488803e+009
 3.91459379e+009
 3.35829185e+009
 3.11621557e+008
 3.13903723e+009
 3.57014136e+009
 3.74794425e+009
 1.81076234e+009
 3.06583238e+009
 2.30389463e+009
 4.88548493e+008
 2.40680767e+009
 3.28769787e+009
 1.71556113e+009
 1.13196666e+009
 3.73219139e+009
 2.22285210e+009
 3.49398713e+009
 2.27266006e+009
 7.82573082e+008
 2.09358782e+009
 1.12061642e+009
 5.02037796e+008
 3.33316124e+009
 1.83152129e+009
 1.46532898e+009
 2.50856950e+007
 3.48277938e+009
 4.34938070e+008
 4.01171745e+009
 4.10049293e+009
 1.69833868e+009
 8.20887495e+008
 4.61466552e+008
 3.21280645e+009
 1.89881530e+009
 3.47736444e+009
 2.98032237e+009
 1.35973196e+009
 1.90893563e+009
 1.91864631e+009
 2.61287878e+009
 1.79433636e+009
 8.86784999e+008
 3.62522928e+009
 2.76055239e+009
 1.68899567e+009
 2.40640119e+009
 1.04157950e+007
 4.07919443e+009
 3.47801615e+009
 3.87340910e+008
 5.03244128e+008
 3.49483595e+009
 1.46352346e+009
 3.95308175e+009
 3.42582142e+009
 4.09100778e+008
 3.37741382e+009
 2.12487998e+009
 1.80409115e+008
 3.37207772e+009
 2.50046112e+009
 2.44298801e+009
 3.36035870e+008
 8.25883367e+008
 2.75457251e+009
 9.53607928e+008
 1.97694373e+009
 3.49505722e+009
 6.79946248e+008
 2.21035552e+009
 1.02435194e+009
 2.63465557e+009
 3.34554241e+009
 2.61720192e+009
 1.35396883e+009
 1.03508420e+009
 1.02405624e+009
 1.70200688e+009
 2.56853744e+009
 2.32669798e+009
 4.11605629e+009
 9.71995780e+007
 1.07079329e+009
 2.10156039e+009
 1.33014722e+009
 1.23410465e+009
 8.43424537e+008
 5.02855152e+008
 3.53435174e+009
 3.24175157e+008
 2.59507910e+009
 2.59146109e+009
 1.66593977e+009
 4.25317311e+009
 1.86711338e+009
 4.01631512e+009
 4.40616220e+007
 2.77015116e+009
 1.37405772e+009
 1.11205558e+009
 2.76008586e+009
 2.21391565e+008
 1.85845051e+008
 2.97065381e+008
 1.51563895e+009
 3.92296609e+008
 3.63735580e+009
 2.48955386e+009
 3.96131994e+009
 5.98940164e+008
 9.07166760e+008
 2.67972967e+009
 5.78011079e+008
 5.22421243e+008
 3.73619510e+009
 3.23682571e+009
 4.10310730e+009
 3.42475194e+009
 1.56923657e+009
 3.12717998e+009
 3.06318806e+009
 3.06162215e+009
 6.99432801e+008
 2.01112853e+009
 3.21489651e+009
 2.45885451e+009
 3.19132916e+009
 4.52793596e+008
 3.03404144e+008
 1.38115838e+009
 2.84592615e+009
 3.70707175e+009
 2.69050022e+009
 1.11656933e+009
 5.72769350e+008
 1.87480282e+009
 2.93624519e+009
 4.14053713e+009
 3.20679319e+009
 2.55080938e+009
 3.03690041e+009
 3.22439270e+009
 1.40619542e+009
 1.41068946e+009
 2.15672088e+009
 3.83299324e+009
 3.97201681e+009
 1.23128820e+008
 2.82045894e+009
 2.55479122e+009
 3.79349730e+007
 1.46312201e+009
 4.22104646e+009
 3.61230725e+009
 4.19499593e+009
 9.88497572e+008
 2.00589535e+009
 4.82095849e+008
 3.35933702e+009
 3.87180439e+009
 2.95413051e+009
 3.00656381e+009
 4.01540725e+009
 3.77397663e+009
 2.68537633e+009
 5.24533646e+008
 4.15705298e+009
 1.60449513e+009
 2.46657229e+009
 2.30506136e+009
 1.83106728e+009
 8.56618030e+008
 3.54630298e+009
 1.27848521e+008
 8.60702540e+007
 2.81538093e+009
 3.97842132e+009
 4.15899784e+009
 5.06102411e+008
 3.60646201e+009
 3.82830771e+008
 3.36859330e+009
 2.84292371e+009
 1.40174127e+009
 3.99209834e+009
 1.37709357e+009
 2.13431221e+009
 2.74053562e+009
 3.14544548e+009
 1.16263742e+009
 1.33520319e+009
 1.58124837e+009
 1.50944010e+008
 3.29080424e+009
 3.61389143e+009
 1.74764075e+009
 3.95488766e+009
 6.70251929e+008
 4.24766671e+009
 2.34524559e+009
 1.67715362e+009
 7.10372513e+008
 2.44387990e+009
 2.81127660e+009
 2.31473126e+009
 1.20164151e+009
 3.89095680e+009
 2.17596614e+009
 3.25305709e+009
 3.49549591e+009
 1.62298930e+009
 3.79672328e+009
 2.04906450e+009
 1.06459402e+008
 4.24531834e+009
 2.15048492e+009
 2.79006838e+009
 8.95244134e+008
 2.05457851e+009
 2.10906333e+009
 5.75963833e+008
 1.00000000e+000
