 2.14748365e+009
 1.78658371e+009
 1.18076279e+009
 3.22709574e+009
 7.20851828e+008
 4.01047176e+009
 9.56096040e+007
 3.07926912e+009
 1.32450259e+009
 2.56197485e+009
 1.89662705e+008
 2.78081971e+009
 3.13745064e+008
 1.61018545e+009
 5.50787612e+008
 5.33430687e+008
 2.69750373e+009
 1.15040457e+009
 4.19667740e+009
 3.98224413e+009
 3.19318967e+009
 1.43697989e+009
 2.26910759e+009
 2.22606446e+009
 4.21052958e+009
 2.54382330e+009
 2.83397767e+009
 1.06866716e+009
 2.08421338e+009
 6.53812999e+008
 2.29044356e+009
 1.59515300e+009
 2.22913759e+008
 3.24639006e+009
 1.97322171e+009
 1.26548604e+009
 2.52884788e+008
 4.38782046e+008
 2.01401397e+009
 2.39198783e+009
 9.75385052e+008
 3.75313666e+009
 1.70221665e+009
 2.52610895e+009
 1.10386422e+009
 3.82701635e+009
 3.71773292e+009
 3.19979453e+009
 5.03110191e+008
 3.41364917e+009
 1.41610082e+009
 2.35899732e+009
 3.90592645e+009
 3.75668318e+009
 4.26925704e+009
 4.10315407e+009
 1.37630587e+009
 2.62460400e+009
 4.05894554e+008
 1.49947251e+009
 2.27470996e+009
 4.46351172e+008
 6.58001346e+008
 3.87176231e+009
 6.77627753e+008
 2.76410141e+009
 3.14543269e+009
 1.29890610e+009
 2.60155047e+009
 3.57857863e+009
 3.12575898e+009
 3.40137045e+009
 2.22220100e+009
 1.00798155e+009
 3.01283088e+009
 3.60928207e+009
 3.50133134e+009
 8.03303701e+008
 2.41742158e+009
 2.92195166e+009
 2.58293163e+009
 3.74009184e+009
 1.08196745e+009
 3.30902923e+009
 1.58917722e+009
 3.84036344e+009
 3.67265958e+009
 3.39123908e+009
 3.62508654e+009
 3.07208255e+009
 8.19027478e+008
 1.82582207e+009
 4.24660600e+009
 3.80966198e+009
 1.49525654e+009
 1.18122288e+009
 3.31692641e+009
 1.27236224e+009
 2.00861702e+009
 4.16290843e+009
 1.28709162e+009
 1.56208890e+009
 3.45521802e+009
 1.25950122e+009
 2.17985662e+009
 2.97480998e+009
 3.10802644e+009
 3.03825037e+009
 1.55116628e+009
 3.27217738e+009
 2.36277779e+009
 2.52832628e+009
 3.34862276e+009
 6.50440471e+008
 1.53786381e+009
 6.95284680e+008
 2.82722093e+009
 4.16037902e+009
 4.22078250e+009
 3.73250105e+008
 2.89808676e+009
 3.43979011e+009
 6.14144789e+008
 3.36650341e+009
 1.47016202e+009
 1.66819322e+009
 3.42242143e+009
 2.44893412e+008
 4.22008957e+009
 3.25512325e+009
 3.44069977e+008
 3.20106387e+009
 2.89843249e+009
 3.77185828e+009
 1.13008635e+009
 4.57965680e+007
 8.75033119e+008
 4.16530564e+009
 3.32976807e+009
 2.08395546e+009
 6.83776237e+008
 2.10499442e+009
 5.01558200e+006
 2.74588927e+009
 4.74596451e+008
 3.30323129e+009
 2.82132140e+009
 1.41335494e+008
 1.68129936e+009
 8.53356358e+008
 2.97867082e+008
 2.35696163e+009
 8.97447020e+008
 3.36540440e+009
 4.97146630e+007
 8.00698708e+008
 4.12928703e+009
 1.10539898e+009
 4.98628355e+008
 1.39012665e+008
 6.73411030e+007
 6.35544356e+008
 1.58679392e+009
 3.74607611e+009
 1.48337804e+009
 3.28198828e+009
 6.27440833e+008
 7.12502831e+008
 2.11925888e+009
 3.05648241e+009
 1.20465036e+009
 2.28146696e+009
 1.95453240e+009
 2.35016316e+009
 4.19703290e+009
 1.10448898e+008
 3.80137775e+008
 1.74137473e+009
 1.28948093e+009
 3.55472390e+009
 6.31900596e+008
 3.31535783e+009
 2.63242014e+009
 1.30818676e+009
 2.29227451e+009
 2.78118103e+009
 2.50194785e+009
 2.53147884e+009
 1.98745494e+009
 5.44032567e+008
 3.04565697e+009
 6.40209300e+008
 1.67355706e+009
 1.29121434e+009
 2.71315126e+009
 2.82368689e+009
 3.24041288e+009
 2.26911039e+009
 2.56431761e+009
 1.06990285e+008
 3.75140292e+009
 1.54004888e+009
 3.23980581e+009
 5.74975000e+007
 2.35232315e+009
 6.47484237e+008
 1.95404102e+009
 2.05544459e+009
 4.84844808e+008
 5.91529523e+008
 3.50337388e+009
 8.95485546e+008
 5.98476519e+008
 1.77096155e+009
 2.38779422e+009
 3.35527817e+009
 1.10353597e+009
 2.60868359e+008
 8.40028944e+008
 2.29082450e+009
 1.97311014e+009
 3.50471062e+008
 3.61588534e+009
 7.96276411e+008
 1.42227591e+009
 1.09772822e+009
 3.29613598e+008
 9.14747702e+008
 7.30040422e+008
 2.36376973e+009
 1.11577833e+009
 3.73343971e+009
 4.17906117e+009
 3.01912311e+009
 2.28529554e+009
 1.87727730e+009
 2.54671223e+009
 7.56684444e+008
 3.18512587e+009
 1.58501816e+009
 3.55524128e+009
 3.39759807e+009
 1.47105368e+009
 2.11752306e+009
 2.42988075e+009
 2.08782851e+009
 2.15668693e+008
 3.22624652e+009
 3.36948986e+009
 1.51048236e+009
 4.05687128e+009
 3.29826841e+009
 1.90036462e+009
 3.18965572e+009
 6.85789322e+008
 4.21865843e+009
 1.49504588e+009
 2.50437921e+008
 1.69803358e+009
 3.73493957e+009
 7.70765747e+008
 3.37421305e+009
 1.77856567e+009
 4.22831464e+009
 1.44472835e+008
 2.79733171e+009
 4.10296026e+009
 3.29721268e+009
 3.82866149e+009
 9.80282250e+007
 3.98711956e+009
 2.56615651e+009
 3.41543419e+009
 2.95849305e+009
 2.64951421e+009
 2.50458733e+009
 4.07756042e+009
 3.65110490e+009
 1.20569402e+009
 3.55404615e+009
 1.37748857e+009
 7.08769148e+008
 2.64183010e+009
 3.61908490e+009
 3.45703370e+009
 2.58359339e+009
 2.59467091e+009
 2.11986086e+009
 5.65690600e+008
 3.87123570e+009
 2.69915306e+009
 2.26022654e+009
 1.57325748e+009
 2.42560388e+009
 3.78216840e+009
 2.96150300e+009
 1.75197335e+009
 4.28713283e+009
 1.21514540e+008
 6.66936729e+008
 4.23428596e+009
 5.81731057e+008
 1.43935638e+009
 3.68835954e+009
 1.64513065e+009
 3.42857600e+009
 2.26549086e+009
 2.19458405e+009
 2.45852678e+009
 9.78583787e+008
 3.63586078e+009
 4.11263802e+009
 6.98540866e+008
 2.79426962e+009
 3.22437636e+009
 2.38564021e+009
 3.89497587e+009
 8.00478559e+008
 1.05489678e+009
 2.31889711e+009
 1.34299261e+009
 4.05058977e+009
 2.00313710e+009
 4.03198852e+009
 3.56203701e+009
 1.60026952e+009
 1.19260716e+009
 1.67487754e+009
 4.14044566e+009
 7.33071441e+008
 2.74706147e+009
 4.21023837e+009
 1.96990544e+009
 7.85514607e+008
 8.28872492e+008
 1.57627353e+008
 3.88175955e+009
 2.77632235e+009
 2.96610494e+009
 3.63441496e+009
 1.95088827e+009
 2.23221691e+009
 3.26222762e+009
 2.18035299e+009
 2.29763656e+009
 1.25374214e+009
 5.76620144e+008
 1.49586934e+009
 1.90613346e+009
 3.62611924e+009
 3.50940820e+009
 2.38705605e+009
 3.76304407e+009
 3.38828221e+009
 2.50907918e+009
 3.82578129e+009
 3.93675245e+009
 4.10971294e+009
 2.97993500e+009
 1.27942792e+009
 4.09283520e+009
 2.21046704e+009
 3.65477885e+009
 1.02950460e+009
 2.72984289e+009
 8.67176482e+008
 6.05093282e+008
 3.61966161e+009
 2.51378312e+009
 1.05676562e+008
 3.91345061e+009
 4.23811053e+009
 3.89934083e+009
 9.05733947e+008
 3.80789618e+009
 3.06986184e+009
 4.28610166e+008
 5.87535221e+008
 1.96555384e+008
 1.16756472e+009
 3.51606131e+009
 2.34612686e+009
 1.73902358e+009
 6.53069179e+008
 3.67884675e+009
 3.95071318e+009
 2.64050715e+009
 1.69158106e+009
 3.61175965e+009
 4.23265250e+009
 8.71878229e+008
 2.92711270e+009
 4.02773351e+009
 2.50854379e+009
 1.22215525e+009
 1.43849966e+009
 1.77478590e+009
 1.12192228e+009
 1.05139110e+009
 4.25095994e+009
 1.33999376e+009
 1.88166346e+008
 8.25526403e+008
 9.23012876e+008
 2.08801359e+009
 5.11798236e+008
 1.83918530e+007
 2.81599478e+009
 1.62135936e+009
 1.80896444e+009
 1.39696354e+009
 3.70998565e+009
 1.01673996e+009
 3.08806978e+009
 3.34657632e+009
 9.85813965e+008
 1.21297964e+009
 2.10736848e+009
 1.79223770e+007
 3.57050154e+009
 1.95430359e+009
 4.21306945e+009
 1.86027460e+009
 5.70532050e+008
 1.70244603e+009
 3.83180154e+009
 2.17278593e+009
 2.21197402e+009
 3.83279278e+009
 2.66531255e+009
 3.42748059e+009
 3.65108662e+009
 2.16220377e+009
 2.59644895e+009
 1.05707464e+009
 1.18960030e+008
 1.52868250e+007
 3.81150519e+009
 1.22820187e+008
 2.85275710e+007
 1.83125177e+009
 6.01581586e+008
 3.29623160e+009
 4.69588882e+008
 1.85261000e+009
 3.58774796e+009
 1.23366826e+009
 1.36936512e+009
 3.13695512e+009
 2.87398481e+009
 1.37826888e+009
 3.46808036e+009
 2.95356100e+009
 1.88949457e+009
 3.31534762e+009
 2.09354424e+009
 9.84250280e+007
 3.24867917e+009
 2.86719754e+009
 2.75663984e+009
 2.85041724e+009
 3.25528648e+009
 9.09180962e+008
 1.21439647e+009
 2.56304634e+009
 2.13821560e+009
 2.90225621e+009
 3.74172491e+009
 3.21306167e+009
 3.04929200e+009
 3.63358879e+009
 2.95117612e+009
 4.03635658e+009
 3.11895303e+009
 8.60171141e+008
 2.65647644e+009
 3.10026751e+009
 4.28108819e+008
 3.72720218e+009
 6.53599436e+008
 2.16585910e+009
 2.86337741e+009
 2.29336564e+008
 1.34576482e+009
 2.98582372e+009
 3.00974489e+009
 4.23323996e+009
 3.54228600e+009
 1.16329647e+009
 3.50572689e+009
 2.49327349e+009
 3.34672303e+009
 2.26570530e+007
 2.08628737e+009
 3.25482130e+009
 2.06655339e+009
 8.67094706e+008
 1.26881889e+008
 1.02438056e+009
 2.12896080e+009
 4.06735309e+009
 4.40641093e+008
 3.95427764e+009
 3.71099756e+009
 2.26458288e+009
 1.04878206e+009
 1.50945779e+009
 1.69758367e+009
 2.01674506e+009
 1.61196943e+009
 2.06001002e+009
 3.00406545e+009
 3.03840617e+009
 1.12527354e+009
 3.85109095e+009
 1.58358223e+009
 2.22918786e+009
 4.19316471e+009
 9.73503309e+008
 3.60154998e+009
 3.19465897e+009
 6.86841590e+007
 3.09383223e+008
 1.27868664e+009
 1.80698371e+009
 5.25684066e+008
 2.29396797e+009
 1.48618657e+009
 2.60054677e+008
 2.66360117e+009
 3.72067530e+009
 3.08644200e+006
 2.68250486e+009
 2.70461617e+009
 2.56369804e+009
 7.92740671e+008
 1.40371996e+009
 3.82026503e+009
 3.37067178e+009
 1.25456567e+009
 2.05702570e+009
 1.89902660e+009
 1.74597826e+009
 9.30384189e+008
 2.82578464e+009
 8.20505043e+008
 2.90577069e+009
 4.28132393e+009
 3.22637066e+009
 2.40992760e+009
 1.22680765e+009
 9.18017516e+008
 2.54199206e+009
 9.17957013e+008
 1.82927544e+009
 2.07213557e+009
 2.68204153e+009
 1.73612981e+009
 2.30930539e+009
 2.99845242e+009
 9.22870933e+008
 3.79327878e+009
 4.16045942e+009
 4.11886778e+009
 2.07198197e+009
 1.24091744e+009
 1.83031543e+009
 7.36186762e+008
 3.48285681e+009
 1.65831702e+009
 2.64004623e+009
 4.22899336e+009
 2.33287967e+009
 2.06987199e+009
 3.81729537e+009
 2.30391619e+009
 3.88526472e+009
 6.80823256e+008
 4.17992668e+009
 3.60905479e+009
 2.73538040e+008
 1.88896535e+009
 3.00075242e+008
 1.82710354e+009
 4.20457595e+009
 1.48481676e+009
 3.32489199e+009
 2.91644061e+009
 3.87807385e+009
 2.62487898e+009
 2.29487541e+009
 2.83504321e+009
 3.19694705e+009
 1.73058197e+009
 1.19035279e+009
 4.09861669e+009
 3.71091379e+009
 2.40823829e+009
 1.65357759e+009
 1.28309344e+009
 3.30648043e+009
 1.22926443e+009
 3.95111107e+009
 1.12334616e+009
 1.11285587e+009
 2.45975249e+009
 1.36362024e+008
 1.73281357e+009
 2.32697786e+009
 2.04038913e+009
 3.83768787e+009
 3.09421677e+009
 1.68556598e+009
 1.61700565e+009
 2.28587961e+008
 1.10452875e+009
 3.74073047e+009
 3.41593566e+009
 1.98753776e+009
 3.69929425e+009
 3.35956102e+009
 2.36217951e+009
 3.92284049e+009
 2.03892534e+009
 1.00000000e+000
